{
 "cells": [
  {
   "cell_type": "code",
   "execution_count": 1,
   "metadata": {},
   "outputs": [],
   "source": [
    "import matplotlib as mpl\n",
    "import matplotlib.pyplot as plt\n",
    "import time\n",
    "import numpy as np"
   ]
  },
  {
   "cell_type": "code",
   "execution_count": 2,
   "metadata": {},
   "outputs": [],
   "source": [
    "def laplacian_g(x, y, sigma):\n",
    "    x2 = x**2\n",
    "    y2 = y**2\n",
    "    sigma4 = sigma**4\n",
    "    sigma2 = sigma**2\n",
    "\n",
    "    return -1*(1/(np.pi*sigma4))*(1-((x2+y2)/(2*sigma2)))*np.exp(-1*(x2+y2)/(2*sigma2))"
   ]
  },
  {
   "cell_type": "code",
   "execution_count": 3,
   "metadata": {},
   "outputs": [],
   "source": [
    "def filterImg(img, fil):\n",
    "    fil = fil.astype('float')    \n",
    "    img = img.astype('float')\n",
    "    # this holds the end result\n",
    "    filtered = np.zeros_like(img)\n",
    "    width = int((fil.shape[1]-1)/2)\n",
    "    height = int((fil.shape[0]-1)/2)\n",
    "    # do the filtering\n",
    "    for i in range(height,img.shape[1]-height):\n",
    "        for j in range(width,img.shape[0]-width):\n",
    "            filtered[j,i]= np.sum(fil * img[j-width:j+width+1, i-height:i+height+1])\n",
    "    return filtered"
   ]
  },
  {
   "cell_type": "code",
   "execution_count": 4,
   "metadata": {},
   "outputs": [],
   "source": [
    "def LoG(sigma=1.0, size=19):\n",
    "    aran = np.arange(-1 * (size // 2), size // 2 + 1)\n",
    "    XX, YY = np.meshgrid(aran, aran)\n",
    "    kernel = laplacian_g(XX, YY, sigma)\n",
    "    kernel = kernel * np.power(sigma,2) # normalization\n",
    "    return kernel"
   ]
  },
  {
   "cell_type": "code",
   "execution_count": 5,
   "metadata": {},
   "outputs": [
    {
     "name": "stdout",
     "output_type": "stream",
     "text": [
      "[[ 1.69077991e-34  7.42687699e-31  1.20195658e-27  7.18275049e-25\n",
      "   1.58944656e-22  1.30695720e-20  4.00913904e-19  4.60662376e-18\n",
      "   1.98992341e-17  3.23981869e-17  1.98992341e-17  4.60662376e-18\n",
      "   4.00913904e-19  1.30695720e-20  1.58944656e-22  7.18275049e-25\n",
      "   1.20195658e-27  7.42687699e-31  1.69077991e-34]\n",
      " [ 7.42687699e-31  3.21620583e-27  5.12277030e-24  3.00830671e-21\n",
      "   6.53483971e-19  5.27394332e-17  1.58975387e-15  1.80032819e-14\n",
      "   7.70176068e-14  1.24965002e-13  7.70176068e-14  1.80032819e-14\n",
      "   1.58975387e-15  5.27394332e-17  6.53483971e-19  3.00830671e-21\n",
      "   5.12277030e-24  3.21620583e-27  7.42687699e-31]\n",
      " [ 1.20195658e-27  5.12277030e-24  8.01053923e-21  4.60662376e-18\n",
      "   9.77815231e-16  7.70176068e-14  2.26708698e-12  2.51528116e-11\n",
      "   1.06096076e-10  1.71278631e-10  1.06096076e-10  2.51528116e-11\n",
      "   2.26708698e-12  7.70176068e-14  9.77815231e-16  4.60662376e-18\n",
      "   8.01053923e-21  5.12277030e-24  1.20195658e-27]\n",
      " [ 7.18275049e-25  3.00830671e-21  4.60662376e-18  2.58414467e-15\n",
      "   5.32954883e-13  4.06568387e-11  1.15787785e-09  1.24656259e-08\n",
      "   5.14565021e-08  8.24135030e-08  5.14565021e-08  1.24656259e-08\n",
      "   1.15787785e-09  4.06568387e-11  5.32954883e-13  2.58414467e-15\n",
      "   4.60662376e-18  3.00830671e-21  7.18275049e-25]\n",
      " [ 1.58944656e-22  6.53483971e-19  9.77815231e-16  5.32954883e-13\n",
      "   1.06096076e-10  7.75975232e-09  2.10845297e-07  2.16727444e-06\n",
      "   8.63382236e-06  1.36416513e-05  8.63382236e-06  2.16727444e-06\n",
      "   2.10845297e-07  7.75975232e-09  1.06096076e-10  5.32954883e-13\n",
      "   9.77815231e-16  6.53483971e-19  1.58944656e-22]\n",
      " [ 1.30695720e-20  5.27394332e-17  7.70176068e-14  4.06568387e-11\n",
      "   7.75975232e-09  5.37315880e-07  1.36416513e-05  1.30061218e-04\n",
      "   4.85744950e-04  7.47467496e-04  4.85744950e-04  1.30061218e-04\n",
      "   1.36416513e-05  5.37315880e-07  7.75975232e-09  4.06568387e-11\n",
      "   7.70176068e-14  5.27394332e-17  1.30695720e-20]\n",
      " [ 4.00913904e-19  1.58975387e-15  2.26708698e-12  1.15787785e-09\n",
      "   2.10845297e-07  1.36416513e-05  3.14260486e-04  2.63207757e-03\n",
      "   8.57902057e-03  1.23763620e-02  8.57902057e-03  2.63207757e-03\n",
      "   3.14260486e-04  1.36416513e-05  2.10845297e-07  1.15787785e-09\n",
      "   2.26708698e-12  1.58975387e-15  4.00913904e-19]\n",
      " [ 4.60662376e-18  1.80032819e-14  2.51528116e-11  1.24656259e-08\n",
      "   2.16727444e-06  1.30061218e-04  2.63207757e-03  1.74901468e-02\n",
      "   3.91926999e-02  4.30785586e-02  3.91926999e-02  1.74901468e-02\n",
      "   2.63207757e-03  1.30061218e-04  2.16727444e-06  1.24656259e-08\n",
      "   2.51528116e-11  1.80032819e-14  4.60662376e-18]\n",
      " [ 1.98992341e-17  7.70176068e-14  1.06096076e-10  5.14565021e-08\n",
      "   8.63382236e-06  4.85744950e-04  8.57902057e-03  3.91926999e-02\n",
      "  -0.00000000e+00 -9.65323526e-02 -0.00000000e+00  3.91926999e-02\n",
      "   8.57902057e-03  4.85744950e-04  8.63382236e-06  5.14565021e-08\n",
      "   1.06096076e-10  7.70176068e-14  1.98992341e-17]\n",
      " [ 3.23981869e-17  1.24965002e-13  1.71278631e-10  8.24135030e-08\n",
      "   1.36416513e-05  7.47467496e-04  1.23763620e-02  4.30785586e-02\n",
      "  -9.65323526e-02 -3.18309886e-01 -9.65323526e-02  4.30785586e-02\n",
      "   1.23763620e-02  7.47467496e-04  1.36416513e-05  8.24135030e-08\n",
      "   1.71278631e-10  1.24965002e-13  3.23981869e-17]\n",
      " [ 1.98992341e-17  7.70176068e-14  1.06096076e-10  5.14565021e-08\n",
      "   8.63382236e-06  4.85744950e-04  8.57902057e-03  3.91926999e-02\n",
      "  -0.00000000e+00 -9.65323526e-02 -0.00000000e+00  3.91926999e-02\n",
      "   8.57902057e-03  4.85744950e-04  8.63382236e-06  5.14565021e-08\n",
      "   1.06096076e-10  7.70176068e-14  1.98992341e-17]\n",
      " [ 4.60662376e-18  1.80032819e-14  2.51528116e-11  1.24656259e-08\n",
      "   2.16727444e-06  1.30061218e-04  2.63207757e-03  1.74901468e-02\n",
      "   3.91926999e-02  4.30785586e-02  3.91926999e-02  1.74901468e-02\n",
      "   2.63207757e-03  1.30061218e-04  2.16727444e-06  1.24656259e-08\n",
      "   2.51528116e-11  1.80032819e-14  4.60662376e-18]\n",
      " [ 4.00913904e-19  1.58975387e-15  2.26708698e-12  1.15787785e-09\n",
      "   2.10845297e-07  1.36416513e-05  3.14260486e-04  2.63207757e-03\n",
      "   8.57902057e-03  1.23763620e-02  8.57902057e-03  2.63207757e-03\n",
      "   3.14260486e-04  1.36416513e-05  2.10845297e-07  1.15787785e-09\n",
      "   2.26708698e-12  1.58975387e-15  4.00913904e-19]\n",
      " [ 1.30695720e-20  5.27394332e-17  7.70176068e-14  4.06568387e-11\n",
      "   7.75975232e-09  5.37315880e-07  1.36416513e-05  1.30061218e-04\n",
      "   4.85744950e-04  7.47467496e-04  4.85744950e-04  1.30061218e-04\n",
      "   1.36416513e-05  5.37315880e-07  7.75975232e-09  4.06568387e-11\n",
      "   7.70176068e-14  5.27394332e-17  1.30695720e-20]\n",
      " [ 1.58944656e-22  6.53483971e-19  9.77815231e-16  5.32954883e-13\n",
      "   1.06096076e-10  7.75975232e-09  2.10845297e-07  2.16727444e-06\n",
      "   8.63382236e-06  1.36416513e-05  8.63382236e-06  2.16727444e-06\n",
      "   2.10845297e-07  7.75975232e-09  1.06096076e-10  5.32954883e-13\n",
      "   9.77815231e-16  6.53483971e-19  1.58944656e-22]\n",
      " [ 7.18275049e-25  3.00830671e-21  4.60662376e-18  2.58414467e-15\n",
      "   5.32954883e-13  4.06568387e-11  1.15787785e-09  1.24656259e-08\n",
      "   5.14565021e-08  8.24135030e-08  5.14565021e-08  1.24656259e-08\n",
      "   1.15787785e-09  4.06568387e-11  5.32954883e-13  2.58414467e-15\n",
      "   4.60662376e-18  3.00830671e-21  7.18275049e-25]\n",
      " [ 1.20195658e-27  5.12277030e-24  8.01053923e-21  4.60662376e-18\n",
      "   9.77815231e-16  7.70176068e-14  2.26708698e-12  2.51528116e-11\n",
      "   1.06096076e-10  1.71278631e-10  1.06096076e-10  2.51528116e-11\n",
      "   2.26708698e-12  7.70176068e-14  9.77815231e-16  4.60662376e-18\n",
      "   8.01053923e-21  5.12277030e-24  1.20195658e-27]\n",
      " [ 7.42687699e-31  3.21620583e-27  5.12277030e-24  3.00830671e-21\n",
      "   6.53483971e-19  5.27394332e-17  1.58975387e-15  1.80032819e-14\n",
      "   7.70176068e-14  1.24965002e-13  7.70176068e-14  1.80032819e-14\n",
      "   1.58975387e-15  5.27394332e-17  6.53483971e-19  3.00830671e-21\n",
      "   5.12277030e-24  3.21620583e-27  7.42687699e-31]\n",
      " [ 1.69077991e-34  7.42687699e-31  1.20195658e-27  7.18275049e-25\n",
      "   1.58944656e-22  1.30695720e-20  4.00913904e-19  4.60662376e-18\n",
      "   1.98992341e-17  3.23981869e-17  1.98992341e-17  4.60662376e-18\n",
      "   4.00913904e-19  1.30695720e-20  1.58944656e-22  7.18275049e-25\n",
      "   1.20195658e-27  7.42687699e-31  1.69077991e-34]]\n",
      "[[ 2.45899481e-09  1.83161095e-08  1.06359099e-07  4.82580589e-07\n",
      "   1.71602788e-06  4.80031307e-06  1.06096506e-05  1.86128126e-05\n",
      "   2.60263598e-05  2.90931925e-05  2.60263598e-05  1.86128126e-05\n",
      "   1.06096506e-05  4.80031307e-06  1.71602788e-06  4.82580589e-07\n",
      "   1.06359099e-07  1.83161095e-08  2.45899481e-09]\n",
      " [ 1.83161095e-08  1.34328970e-07  7.66443051e-07  3.41041282e-06\n",
      "   1.18756956e-05  3.25153046e-05  7.04168118e-05  1.21436238e-04\n",
      "   1.67854249e-04  1.86866874e-04  1.67854249e-04  1.21436238e-04\n",
      "   7.04168118e-05  3.25153046e-05  1.18756956e-05  3.41041282e-06\n",
      "   7.66443051e-07  1.34328970e-07  1.83161095e-08]\n",
      " [ 1.06359099e-07  7.66443051e-07  4.28385986e-06  1.86128126e-05\n",
      "   6.30986586e-05  1.67854249e-04  3.53211764e-04  5.93897805e-04\n",
      "   8.06508460e-04  8.92134438e-04  8.06508460e-04  5.93897805e-04\n",
      "   3.53211764e-04  1.67854249e-04  6.30986586e-05  1.86128126e-05\n",
      "   4.28385986e-06  7.66443051e-07  1.06359099e-07]\n",
      " [ 4.82580589e-07  3.41041282e-06  1.86128126e-05  7.85651214e-05\n",
      "   2.57324178e-04  6.58019393e-04  1.32738044e-03  2.14475514e-03\n",
      "   2.82804404e-03  3.09409050e-03  2.82804404e-03  2.14475514e-03\n",
      "   1.32738044e-03  6.58019393e-04  2.57324178e-04  7.85651214e-05\n",
      "   1.86128126e-05  3.41041282e-06  4.82580589e-07]\n",
      " [ 1.71602788e-06  1.18756956e-05  6.30986586e-05  2.57324178e-04\n",
      "   8.06508460e-04  1.95188789e-03  3.68911292e-03  5.56675294e-03\n",
      "   6.94249520e-03  7.42982893e-03  6.94249520e-03  5.56675294e-03\n",
      "   3.68911292e-03  1.95188789e-03  8.06508460e-04  2.57324178e-04\n",
      "   6.30986586e-05  1.18756956e-05  1.71602788e-06]\n",
      " [ 4.80031307e-06  3.25153046e-05  1.67854249e-04  6.58019393e-04\n",
      "   1.95188789e-03  4.37253670e-03  7.42982893e-03  9.79817496e-03\n",
      "   1.06921953e-02  1.07696397e-02  1.06921953e-02  9.79817496e-03\n",
      "   7.42982893e-03  4.37253670e-03  1.95188789e-03  6.58019393e-04\n",
      "   1.67854249e-04  3.25153046e-05  4.80031307e-06]\n",
      " [ 1.06096506e-05  7.04168118e-05  3.53211764e-04  1.32738044e-03\n",
      "   3.68911292e-03  7.42982893e-03  1.04842547e-02  9.79358327e-03\n",
      "   5.69983183e-03  3.22937781e-03  5.69983183e-03  9.79358327e-03\n",
      "   1.04842547e-02  7.42982893e-03  3.68911292e-03  1.32738044e-03\n",
      "   3.53211764e-04  7.04168118e-05  1.06096506e-05]\n",
      " [ 1.86128126e-05  1.21436238e-04  5.93897805e-04  2.14475514e-03\n",
      "   5.56675294e-03  9.79817496e-03  9.79358327e-03 -0.00000000e+00\n",
      "  -1.59730317e-02 -2.41330882e-02 -1.59730317e-02 -0.00000000e+00\n",
      "   9.79358327e-03  9.79817496e-03  5.56675294e-03  2.14475514e-03\n",
      "   5.93897805e-04  1.21436238e-04  1.86128126e-05]\n",
      " [ 2.60263598e-05  1.67854249e-04  8.06508460e-04  2.82804404e-03\n",
      "   6.94249520e-03  1.06921953e-02  5.69983183e-03 -1.59730317e-02\n",
      "  -4.64812479e-02 -6.14485131e-02 -4.64812479e-02 -1.59730317e-02\n",
      "   5.69983183e-03  1.06921953e-02  6.94249520e-03  2.82804404e-03\n",
      "   8.06508460e-04  1.67854249e-04  2.60263598e-05]\n",
      " [ 2.90931925e-05  1.86866874e-04  8.92134438e-04  3.09409050e-03\n",
      "   7.42982893e-03  1.07696397e-02  3.22937781e-03 -2.41330882e-02\n",
      "  -6.14485131e-02 -7.95774715e-02 -6.14485131e-02 -2.41330882e-02\n",
      "   3.22937781e-03  1.07696397e-02  7.42982893e-03  3.09409050e-03\n",
      "   8.92134438e-04  1.86866874e-04  2.90931925e-05]\n",
      " [ 2.60263598e-05  1.67854249e-04  8.06508460e-04  2.82804404e-03\n",
      "   6.94249520e-03  1.06921953e-02  5.69983183e-03 -1.59730317e-02\n",
      "  -4.64812479e-02 -6.14485131e-02 -4.64812479e-02 -1.59730317e-02\n",
      "   5.69983183e-03  1.06921953e-02  6.94249520e-03  2.82804404e-03\n",
      "   8.06508460e-04  1.67854249e-04  2.60263598e-05]\n",
      " [ 1.86128126e-05  1.21436238e-04  5.93897805e-04  2.14475514e-03\n",
      "   5.56675294e-03  9.79817496e-03  9.79358327e-03 -0.00000000e+00\n",
      "  -1.59730317e-02 -2.41330882e-02 -1.59730317e-02 -0.00000000e+00\n",
      "   9.79358327e-03  9.79817496e-03  5.56675294e-03  2.14475514e-03\n",
      "   5.93897805e-04  1.21436238e-04  1.86128126e-05]\n",
      " [ 1.06096506e-05  7.04168118e-05  3.53211764e-04  1.32738044e-03\n",
      "   3.68911292e-03  7.42982893e-03  1.04842547e-02  9.79358327e-03\n",
      "   5.69983183e-03  3.22937781e-03  5.69983183e-03  9.79358327e-03\n",
      "   1.04842547e-02  7.42982893e-03  3.68911292e-03  1.32738044e-03\n",
      "   3.53211764e-04  7.04168118e-05  1.06096506e-05]\n",
      " [ 4.80031307e-06  3.25153046e-05  1.67854249e-04  6.58019393e-04\n",
      "   1.95188789e-03  4.37253670e-03  7.42982893e-03  9.79817496e-03\n",
      "   1.06921953e-02  1.07696397e-02  1.06921953e-02  9.79817496e-03\n",
      "   7.42982893e-03  4.37253670e-03  1.95188789e-03  6.58019393e-04\n",
      "   1.67854249e-04  3.25153046e-05  4.80031307e-06]\n",
      " [ 1.71602788e-06  1.18756956e-05  6.30986586e-05  2.57324178e-04\n",
      "   8.06508460e-04  1.95188789e-03  3.68911292e-03  5.56675294e-03\n",
      "   6.94249520e-03  7.42982893e-03  6.94249520e-03  5.56675294e-03\n",
      "   3.68911292e-03  1.95188789e-03  8.06508460e-04  2.57324178e-04\n",
      "   6.30986586e-05  1.18756956e-05  1.71602788e-06]\n",
      " [ 4.82580589e-07  3.41041282e-06  1.86128126e-05  7.85651214e-05\n",
      "   2.57324178e-04  6.58019393e-04  1.32738044e-03  2.14475514e-03\n",
      "   2.82804404e-03  3.09409050e-03  2.82804404e-03  2.14475514e-03\n",
      "   1.32738044e-03  6.58019393e-04  2.57324178e-04  7.85651214e-05\n",
      "   1.86128126e-05  3.41041282e-06  4.82580589e-07]\n",
      " [ 1.06359099e-07  7.66443051e-07  4.28385986e-06  1.86128126e-05\n",
      "   6.30986586e-05  1.67854249e-04  3.53211764e-04  5.93897805e-04\n",
      "   8.06508460e-04  8.92134438e-04  8.06508460e-04  5.93897805e-04\n",
      "   3.53211764e-04  1.67854249e-04  6.30986586e-05  1.86128126e-05\n",
      "   4.28385986e-06  7.66443051e-07  1.06359099e-07]\n",
      " [ 1.83161095e-08  1.34328970e-07  7.66443051e-07  3.41041282e-06\n",
      "   1.18756956e-05  3.25153046e-05  7.04168118e-05  1.21436238e-04\n",
      "   1.67854249e-04  1.86866874e-04  1.67854249e-04  1.21436238e-04\n",
      "   7.04168118e-05  3.25153046e-05  1.18756956e-05  3.41041282e-06\n",
      "   7.66443051e-07  1.34328970e-07  1.83161095e-08]\n",
      " [ 2.45899481e-09  1.83161095e-08  1.06359099e-07  4.82580589e-07\n",
      "   1.71602788e-06  4.80031307e-06  1.06096506e-05  1.86128126e-05\n",
      "   2.60263598e-05  2.90931925e-05  2.60263598e-05  1.86128126e-05\n",
      "   1.06096506e-05  4.80031307e-06  1.71602788e-06  4.82580589e-07\n",
      "   1.06359099e-07  1.83161095e-08  2.45899481e-09]]\n",
      "[[ 3.49178317e-05  7.91872949e-05  1.60687420e-04  2.92453063e-04\n",
      "   4.78967269e-04  7.08920436e-04  9.53224508e-04  1.17104845e-03\n",
      "   1.32148564e-03  1.37515133e-03  1.32148564e-03  1.17104845e-03\n",
      "   9.53224508e-04  7.08920436e-04  4.78967269e-04  2.92453063e-04\n",
      "   1.60687420e-04  7.91872949e-05  3.49178317e-05]\n",
      " [ 7.91872949e-05  1.76364626e-04  3.50472923e-04  6.22876353e-04\n",
      "   9.93684518e-04  1.43063585e-03  1.87237314e-03  2.24717593e-03\n",
      "   2.49544120e-03  2.58187247e-03  2.49544120e-03  2.24717593e-03\n",
      "   1.87237314e-03  1.43063585e-03  9.93684518e-04  6.22876353e-04\n",
      "   3.50472923e-04  1.76364626e-04  7.91872949e-05]\n",
      " [ 1.60687420e-04  3.50472923e-04  6.79098733e-04  1.17104845e-03\n",
      "   1.80339254e-03  2.49544120e-03  3.13329852e-03  3.61948835e-03\n",
      "   3.90941280e-03  4.00360034e-03  3.90941280e-03  3.61948835e-03\n",
      "   3.13329852e-03  2.49544120e-03  1.80339254e-03  1.17104845e-03\n",
      "   6.79098733e-04  3.50472923e-04  1.60687420e-04]\n",
      " [ 2.92453063e-04  6.22876353e-04  1.17104845e-03  1.94334964e-03\n",
      "   2.85120093e-03  3.71693979e-03  4.35474443e-03  4.68445364e-03\n",
      "   4.77938789e-03  4.78650651e-03  4.77938789e-03  4.68445364e-03\n",
      "   4.35474443e-03  3.71693979e-03  2.85120093e-03  1.94334964e-03\n",
      "   1.17104845e-03  6.22876353e-04  2.92453063e-04]\n",
      " [ 4.78967269e-04  9.93684518e-04  1.80339254e-03  2.85120093e-03\n",
      "   3.90941280e-03  4.63272615e-03  4.75467760e-03  4.31550012e-03\n",
      "   3.70775345e-03  3.42962292e-03  3.70775345e-03  4.31550012e-03\n",
      "   4.75467760e-03  4.63272615e-03  3.90941280e-03  2.85120093e-03\n",
      "   1.80339254e-03  9.93684518e-04  4.78967269e-04]\n",
      " [ 7.08920436e-04  1.43063585e-03  2.49544120e-03  3.71693979e-03\n",
      "   4.63272615e-03  4.64926252e-03  3.42962292e-03  1.29364670e-03\n",
      "  -7.64131498e-04 -1.61556921e-03 -7.64131498e-04  1.29364670e-03\n",
      "   3.42962292e-03  4.64926252e-03  4.63272615e-03  3.71693979e-03\n",
      "   2.49544120e-03  1.43063585e-03  7.08920436e-04]\n",
      " [ 9.53224508e-04  1.87237314e-03  3.13329852e-03  4.35474443e-03\n",
      "   4.75467760e-03  3.42962292e-03 -0.00000000e+00 -4.77142379e-03\n",
      "  -9.01883388e-03 -1.07258170e-02 -9.01883388e-03 -4.77142379e-03\n",
      "  -0.00000000e+00  3.42962292e-03  4.75467760e-03  4.35474443e-03\n",
      "   3.13329852e-03  1.87237314e-03  9.53224508e-04]\n",
      " [ 1.17104845e-03  2.24717593e-03  3.61948835e-03  4.68445364e-03\n",
      "   4.31550012e-03  1.29364670e-03 -4.77142379e-03 -1.25983985e-02\n",
      "  -1.93482241e-02 -2.20268941e-02 -1.93482241e-02 -1.25983985e-02\n",
      "  -4.77142379e-03  1.29364670e-03  4.31550012e-03  4.68445364e-03\n",
      "   3.61948835e-03  2.24717593e-03  1.17104845e-03]\n",
      " [ 1.32148564e-03  2.49544120e-03  3.90941280e-03  4.77938789e-03\n",
      "   3.70775345e-03 -7.64131498e-04 -9.01883388e-03 -1.93482241e-02\n",
      "  -2.81319705e-02 -3.15977794e-02 -2.81319705e-02 -1.93482241e-02\n",
      "  -9.01883388e-03 -7.64131498e-04  3.70775345e-03  4.77938789e-03\n",
      "   3.90941280e-03  2.49544120e-03  1.32148564e-03]\n",
      " [ 1.37515133e-03  2.58187247e-03  4.00360034e-03  4.78650651e-03\n",
      "   3.42962292e-03 -1.61556921e-03 -1.07258170e-02 -2.20268941e-02\n",
      "  -3.15977794e-02 -3.53677651e-02 -3.15977794e-02 -2.20268941e-02\n",
      "  -1.07258170e-02 -1.61556921e-03  3.42962292e-03  4.78650651e-03\n",
      "   4.00360034e-03  2.58187247e-03  1.37515133e-03]\n",
      " [ 1.32148564e-03  2.49544120e-03  3.90941280e-03  4.77938789e-03\n",
      "   3.70775345e-03 -7.64131498e-04 -9.01883388e-03 -1.93482241e-02\n",
      "  -2.81319705e-02 -3.15977794e-02 -2.81319705e-02 -1.93482241e-02\n",
      "  -9.01883388e-03 -7.64131498e-04  3.70775345e-03  4.77938789e-03\n",
      "   3.90941280e-03  2.49544120e-03  1.32148564e-03]\n",
      " [ 1.17104845e-03  2.24717593e-03  3.61948835e-03  4.68445364e-03\n",
      "   4.31550012e-03  1.29364670e-03 -4.77142379e-03 -1.25983985e-02\n",
      "  -1.93482241e-02 -2.20268941e-02 -1.93482241e-02 -1.25983985e-02\n",
      "  -4.77142379e-03  1.29364670e-03  4.31550012e-03  4.68445364e-03\n",
      "   3.61948835e-03  2.24717593e-03  1.17104845e-03]\n",
      " [ 9.53224508e-04  1.87237314e-03  3.13329852e-03  4.35474443e-03\n",
      "   4.75467760e-03  3.42962292e-03 -0.00000000e+00 -4.77142379e-03\n",
      "  -9.01883388e-03 -1.07258170e-02 -9.01883388e-03 -4.77142379e-03\n",
      "  -0.00000000e+00  3.42962292e-03  4.75467760e-03  4.35474443e-03\n",
      "   3.13329852e-03  1.87237314e-03  9.53224508e-04]\n",
      " [ 7.08920436e-04  1.43063585e-03  2.49544120e-03  3.71693979e-03\n",
      "   4.63272615e-03  4.64926252e-03  3.42962292e-03  1.29364670e-03\n",
      "  -7.64131498e-04 -1.61556921e-03 -7.64131498e-04  1.29364670e-03\n",
      "   3.42962292e-03  4.64926252e-03  4.63272615e-03  3.71693979e-03\n",
      "   2.49544120e-03  1.43063585e-03  7.08920436e-04]\n",
      " [ 4.78967269e-04  9.93684518e-04  1.80339254e-03  2.85120093e-03\n",
      "   3.90941280e-03  4.63272615e-03  4.75467760e-03  4.31550012e-03\n",
      "   3.70775345e-03  3.42962292e-03  3.70775345e-03  4.31550012e-03\n",
      "   4.75467760e-03  4.63272615e-03  3.90941280e-03  2.85120093e-03\n",
      "   1.80339254e-03  9.93684518e-04  4.78967269e-04]\n",
      " [ 2.92453063e-04  6.22876353e-04  1.17104845e-03  1.94334964e-03\n",
      "   2.85120093e-03  3.71693979e-03  4.35474443e-03  4.68445364e-03\n",
      "   4.77938789e-03  4.78650651e-03  4.77938789e-03  4.68445364e-03\n",
      "   4.35474443e-03  3.71693979e-03  2.85120093e-03  1.94334964e-03\n",
      "   1.17104845e-03  6.22876353e-04  2.92453063e-04]\n",
      " [ 1.60687420e-04  3.50472923e-04  6.79098733e-04  1.17104845e-03\n",
      "   1.80339254e-03  2.49544120e-03  3.13329852e-03  3.61948835e-03\n",
      "   3.90941280e-03  4.00360034e-03  3.90941280e-03  3.61948835e-03\n",
      "   3.13329852e-03  2.49544120e-03  1.80339254e-03  1.17104845e-03\n",
      "   6.79098733e-04  3.50472923e-04  1.60687420e-04]\n",
      " [ 7.91872949e-05  1.76364626e-04  3.50472923e-04  6.22876353e-04\n",
      "   9.93684518e-04  1.43063585e-03  1.87237314e-03  2.24717593e-03\n",
      "   2.49544120e-03  2.58187247e-03  2.49544120e-03  2.24717593e-03\n",
      "   1.87237314e-03  1.43063585e-03  9.93684518e-04  6.22876353e-04\n",
      "   3.50472923e-04  1.76364626e-04  7.91872949e-05]\n",
      " [ 3.49178317e-05  7.91872949e-05  1.60687420e-04  2.92453063e-04\n",
      "   4.78967269e-04  7.08920436e-04  9.53224508e-04  1.17104845e-03\n",
      "   1.32148564e-03  1.37515133e-03  1.32148564e-03  1.17104845e-03\n",
      "   9.53224508e-04  7.08920436e-04  4.78967269e-04  2.92453063e-04\n",
      "   1.60687420e-04  7.91872949e-05  3.49178317e-05]]\n",
      "[[ 0.00051157  0.00075642  0.0010483   0.00136493  0.00167576  0.00195002\n",
      "   0.00216548  0.00231346  0.00239701  0.00242364  0.00239701  0.00231346\n",
      "   0.00216548  0.00195002  0.00167576  0.00136493  0.0010483   0.00075642\n",
      "   0.00051157]\n",
      " [ 0.00075642  0.00109313  0.00147388  0.00185746  0.0021957   0.00244954\n",
      "   0.00260393  0.00267305  0.00269112  0.00269241  0.00269112  0.00267305\n",
      "   0.00260393  0.00244954  0.0021957   0.00185746  0.00147388  0.00109313\n",
      "   0.00075642]\n",
      " [ 0.0010483   0.00147388  0.0019191   0.00231346  0.00258537  0.00269112\n",
      "   0.00263873  0.00249172  0.00234567  0.00228568  0.00234567  0.00249172\n",
      "   0.00263873  0.00269112  0.00258537  0.00231346  0.0019191   0.00147388\n",
      "   0.0010483 ]\n",
      " [ 0.00136493  0.00185746  0.00231346  0.00262106  0.00267981  0.0024484\n",
      "   0.0019806   0.00142496  0.00097813  0.00080734  0.00097813  0.00142496\n",
      "   0.0019806   0.0024484   0.00267981  0.00262106  0.00231346  0.00185746\n",
      "   0.00136493]\n",
      " [ 0.00167576  0.0021957   0.00258537  0.00267981  0.00234567  0.00155376\n",
      "   0.00042971 -0.00075357 -0.00165526 -0.00199244 -0.00165526 -0.00075357\n",
      "   0.00042971  0.00155376  0.00234567  0.00267981  0.00258537  0.0021957\n",
      "   0.00167576]\n",
      " [ 0.00195002  0.00244954  0.00269112  0.0024484   0.00155376 -0.\n",
      "  -0.00199244 -0.00399326 -0.00548217 -0.00603327 -0.00548217 -0.00399326\n",
      "  -0.00199244 -0.          0.00155376  0.0024484   0.00269112  0.00244954\n",
      "   0.00195002]\n",
      " [ 0.00216548  0.00260393  0.00263873  0.0019806   0.00042971 -0.00199244\n",
      "  -0.00495927 -0.00786868 -0.01000658 -0.01079351 -0.01000658 -0.00786868\n",
      "  -0.00495927 -0.00199244  0.00042971  0.0019806   0.00263873  0.00260393\n",
      "   0.00216548]\n",
      " [ 0.00231346  0.00267305  0.00249172  0.00142496 -0.00075357 -0.00399326\n",
      "  -0.00786868 -0.01162031 -0.01435772 -0.01536213 -0.01435772 -0.01162031\n",
      "  -0.00786868 -0.00399326 -0.00075357  0.00142496  0.00249172  0.00267305\n",
      "   0.00231346]\n",
      " [ 0.00239701  0.00269112  0.00234567  0.00097813 -0.00165526 -0.00548217\n",
      "  -0.01000658 -0.01435772 -0.01752096 -0.01867971 -0.01752096 -0.01435772\n",
      "  -0.01000658 -0.00548217 -0.00165526  0.00097813  0.00234567  0.00269112\n",
      "   0.00239701]\n",
      " [ 0.00242364  0.00269241  0.00228568  0.00080734 -0.00199244 -0.00603327\n",
      "  -0.01079351 -0.01536213 -0.01867971 -0.01989437 -0.01867971 -0.01536213\n",
      "  -0.01079351 -0.00603327 -0.00199244  0.00080734  0.00228568  0.00269241\n",
      "   0.00242364]\n",
      " [ 0.00239701  0.00269112  0.00234567  0.00097813 -0.00165526 -0.00548217\n",
      "  -0.01000658 -0.01435772 -0.01752096 -0.01867971 -0.01752096 -0.01435772\n",
      "  -0.01000658 -0.00548217 -0.00165526  0.00097813  0.00234567  0.00269112\n",
      "   0.00239701]\n",
      " [ 0.00231346  0.00267305  0.00249172  0.00142496 -0.00075357 -0.00399326\n",
      "  -0.00786868 -0.01162031 -0.01435772 -0.01536213 -0.01435772 -0.01162031\n",
      "  -0.00786868 -0.00399326 -0.00075357  0.00142496  0.00249172  0.00267305\n",
      "   0.00231346]\n",
      " [ 0.00216548  0.00260393  0.00263873  0.0019806   0.00042971 -0.00199244\n",
      "  -0.00495927 -0.00786868 -0.01000658 -0.01079351 -0.01000658 -0.00786868\n",
      "  -0.00495927 -0.00199244  0.00042971  0.0019806   0.00263873  0.00260393\n",
      "   0.00216548]\n",
      " [ 0.00195002  0.00244954  0.00269112  0.0024484   0.00155376 -0.\n",
      "  -0.00199244 -0.00399326 -0.00548217 -0.00603327 -0.00548217 -0.00399326\n",
      "  -0.00199244 -0.          0.00155376  0.0024484   0.00269112  0.00244954\n",
      "   0.00195002]\n",
      " [ 0.00167576  0.0021957   0.00258537  0.00267981  0.00234567  0.00155376\n",
      "   0.00042971 -0.00075357 -0.00165526 -0.00199244 -0.00165526 -0.00075357\n",
      "   0.00042971  0.00155376  0.00234567  0.00267981  0.00258537  0.0021957\n",
      "   0.00167576]\n",
      " [ 0.00136493  0.00185746  0.00231346  0.00262106  0.00267981  0.0024484\n",
      "   0.0019806   0.00142496  0.00097813  0.00080734  0.00097813  0.00142496\n",
      "   0.0019806   0.0024484   0.00267981  0.00262106  0.00231346  0.00185746\n",
      "   0.00136493]\n",
      " [ 0.0010483   0.00147388  0.0019191   0.00231346  0.00258537  0.00269112\n",
      "   0.00263873  0.00249172  0.00234567  0.00228568  0.00234567  0.00249172\n",
      "   0.00263873  0.00269112  0.00258537  0.00231346  0.0019191   0.00147388\n",
      "   0.0010483 ]\n",
      " [ 0.00075642  0.00109313  0.00147388  0.00185746  0.0021957   0.00244954\n",
      "   0.00260393  0.00267305  0.00269112  0.00269241  0.00269112  0.00267305\n",
      "   0.00260393  0.00244954  0.0021957   0.00185746  0.00147388  0.00109313\n",
      "   0.00075642]\n",
      " [ 0.00051157  0.00075642  0.0010483   0.00136493  0.00167576  0.00195002\n",
      "   0.00216548  0.00231346  0.00239701  0.00242364  0.00239701  0.00231346\n",
      "   0.00216548  0.00195002  0.00167576  0.00136493  0.0010483   0.00075642\n",
      "   0.00051157]]\n",
      "[[ 1.11697645e-03  1.33109705e-03  1.51308891e-03  1.64348532e-03\n",
      "   1.71168498e-03  1.71991378e-03  1.68372065e-03  1.62819921e-03\n",
      "   1.58069159e-03  1.56222919e-03  1.58069159e-03  1.62819921e-03\n",
      "   1.68372065e-03  1.71991378e-03  1.71168498e-03  1.64348532e-03\n",
      "   1.51308891e-03  1.33109705e-03  1.11697645e-03]\n",
      " [ 1.33109705e-03  1.53546826e-03  1.67407586e-03  1.72314234e-03\n",
      "   1.67479071e-03  1.54237578e-03  1.36018508e-03  1.17644634e-03\n",
      "   1.04099477e-03  9.91222640e-04  1.04099477e-03  1.17644634e-03\n",
      "   1.36018508e-03  1.54237578e-03  1.67479071e-03  1.72314234e-03\n",
      "   1.67407586e-03  1.53546826e-03  1.33109705e-03]\n",
      " [ 1.51308891e-03  1.67407586e-03  1.72172651e-03  1.62819921e-03\n",
      "   1.39121907e-03  1.04099477e-03  6.38628804e-04  2.64672743e-04\n",
      "  -0.00000000e+00 -9.55721865e-05 -0.00000000e+00  2.64672743e-04\n",
      "   6.38628804e-04  1.04099477e-03  1.39121907e-03  1.62819921e-03\n",
      "   1.72172651e-03  1.67407586e-03  1.51308891e-03]\n",
      " [ 1.64348532e-03  1.72314234e-03  1.62819921e-03  1.32732948e-03\n",
      "   8.26977191e-04  1.80012991e-04 -5.17660568e-04 -1.14420681e-03\n",
      "  -1.57944879e-03 -1.73530622e-03 -1.57944879e-03 -1.14420681e-03\n",
      "  -5.17660568e-04  1.80012991e-04  8.26977191e-04  1.32732948e-03\n",
      "   1.62819921e-03  1.72314234e-03  1.64348532e-03]\n",
      " [ 1.71168498e-03  1.67479071e-03  1.39121907e-03  8.26977191e-04\n",
      "  -0.00000000e+00 -1.00939500e-03 -2.06414332e-03 -2.99411591e-03\n",
      "  -3.63344194e-03 -3.86129411e-03 -3.63344194e-03 -2.99411591e-03\n",
      "  -2.06414332e-03 -1.00939500e-03 -0.00000000e+00  8.26977191e-04\n",
      "   1.39121907e-03  1.67479071e-03  1.71168498e-03]\n",
      " [ 1.71991378e-03  1.54237578e-03  1.04099477e-03  1.80012991e-04\n",
      "  -1.00939500e-03 -2.41693044e-03 -3.86129411e-03 -5.12086794e-03\n",
      "  -5.98127720e-03 -6.28701935e-03 -5.98127720e-03 -5.12086794e-03\n",
      "  -3.86129411e-03 -2.41693044e-03 -1.00939500e-03  1.80012991e-04\n",
      "   1.04099477e-03  1.54237578e-03  1.71991378e-03]\n",
      " [ 1.68372065e-03  1.36018508e-03  6.38628804e-04 -5.17660568e-04\n",
      "  -2.06414332e-03 -3.86129411e-03 -5.68517816e-03 -7.26482694e-03\n",
      "  -8.33952297e-03 -8.72069232e-03 -8.33952297e-03 -7.26482694e-03\n",
      "  -5.68517816e-03 -3.86129411e-03 -2.06414332e-03 -5.17660568e-04\n",
      "   6.38628804e-04  1.36018508e-03  1.68372065e-03]\n",
      " [ 1.62819921e-03  1.17644634e-03  2.64672743e-04 -1.14420681e-03\n",
      "  -2.99411591e-03 -5.12086794e-03 -7.26482694e-03 -9.11385863e-03\n",
      "  -1.03686730e-02 -1.08132038e-02 -1.03686730e-02 -9.11385863e-03\n",
      "  -7.26482694e-03 -5.12086794e-03 -2.99411591e-03 -1.14420681e-03\n",
      "   2.64672743e-04  1.17644634e-03  1.62819921e-03]\n",
      " [ 1.58069159e-03  1.04099477e-03 -0.00000000e+00 -1.57944879e-03\n",
      "  -3.63344194e-03 -5.98127720e-03 -8.33952297e-03 -1.03686730e-02\n",
      "  -1.17438250e-02 -1.22306716e-02 -1.17438250e-02 -1.03686730e-02\n",
      "  -8.33952297e-03 -5.98127720e-03 -3.63344194e-03 -1.57944879e-03\n",
      "  -0.00000000e+00  1.04099477e-03  1.58069159e-03]\n",
      " [ 1.56222919e-03  9.91222640e-04 -9.55721865e-05 -1.73530622e-03\n",
      "  -3.86129411e-03 -6.28701935e-03 -8.72069232e-03 -1.08132038e-02\n",
      "  -1.22306716e-02 -1.27323954e-02 -1.22306716e-02 -1.08132038e-02\n",
      "  -8.72069232e-03 -6.28701935e-03 -3.86129411e-03 -1.73530622e-03\n",
      "  -9.55721865e-05  9.91222640e-04  1.56222919e-03]\n",
      " [ 1.58069159e-03  1.04099477e-03 -0.00000000e+00 -1.57944879e-03\n",
      "  -3.63344194e-03 -5.98127720e-03 -8.33952297e-03 -1.03686730e-02\n",
      "  -1.17438250e-02 -1.22306716e-02 -1.17438250e-02 -1.03686730e-02\n",
      "  -8.33952297e-03 -5.98127720e-03 -3.63344194e-03 -1.57944879e-03\n",
      "  -0.00000000e+00  1.04099477e-03  1.58069159e-03]\n",
      " [ 1.62819921e-03  1.17644634e-03  2.64672743e-04 -1.14420681e-03\n",
      "  -2.99411591e-03 -5.12086794e-03 -7.26482694e-03 -9.11385863e-03\n",
      "  -1.03686730e-02 -1.08132038e-02 -1.03686730e-02 -9.11385863e-03\n",
      "  -7.26482694e-03 -5.12086794e-03 -2.99411591e-03 -1.14420681e-03\n",
      "   2.64672743e-04  1.17644634e-03  1.62819921e-03]\n",
      " [ 1.68372065e-03  1.36018508e-03  6.38628804e-04 -5.17660568e-04\n",
      "  -2.06414332e-03 -3.86129411e-03 -5.68517816e-03 -7.26482694e-03\n",
      "  -8.33952297e-03 -8.72069232e-03 -8.33952297e-03 -7.26482694e-03\n",
      "  -5.68517816e-03 -3.86129411e-03 -2.06414332e-03 -5.17660568e-04\n",
      "   6.38628804e-04  1.36018508e-03  1.68372065e-03]\n",
      " [ 1.71991378e-03  1.54237578e-03  1.04099477e-03  1.80012991e-04\n",
      "  -1.00939500e-03 -2.41693044e-03 -3.86129411e-03 -5.12086794e-03\n",
      "  -5.98127720e-03 -6.28701935e-03 -5.98127720e-03 -5.12086794e-03\n",
      "  -3.86129411e-03 -2.41693044e-03 -1.00939500e-03  1.80012991e-04\n",
      "   1.04099477e-03  1.54237578e-03  1.71991378e-03]\n",
      " [ 1.71168498e-03  1.67479071e-03  1.39121907e-03  8.26977191e-04\n",
      "  -0.00000000e+00 -1.00939500e-03 -2.06414332e-03 -2.99411591e-03\n",
      "  -3.63344194e-03 -3.86129411e-03 -3.63344194e-03 -2.99411591e-03\n",
      "  -2.06414332e-03 -1.00939500e-03 -0.00000000e+00  8.26977191e-04\n",
      "   1.39121907e-03  1.67479071e-03  1.71168498e-03]\n",
      " [ 1.64348532e-03  1.72314234e-03  1.62819921e-03  1.32732948e-03\n",
      "   8.26977191e-04  1.80012991e-04 -5.17660568e-04 -1.14420681e-03\n",
      "  -1.57944879e-03 -1.73530622e-03 -1.57944879e-03 -1.14420681e-03\n",
      "  -5.17660568e-04  1.80012991e-04  8.26977191e-04  1.32732948e-03\n",
      "   1.62819921e-03  1.72314234e-03  1.64348532e-03]\n",
      " [ 1.51308891e-03  1.67407586e-03  1.72172651e-03  1.62819921e-03\n",
      "   1.39121907e-03  1.04099477e-03  6.38628804e-04  2.64672743e-04\n",
      "  -0.00000000e+00 -9.55721865e-05 -0.00000000e+00  2.64672743e-04\n",
      "   6.38628804e-04  1.04099477e-03  1.39121907e-03  1.62819921e-03\n",
      "   1.72172651e-03  1.67407586e-03  1.51308891e-03]\n",
      " [ 1.33109705e-03  1.53546826e-03  1.67407586e-03  1.72314234e-03\n",
      "   1.67479071e-03  1.54237578e-03  1.36018508e-03  1.17644634e-03\n",
      "   1.04099477e-03  9.91222640e-04  1.04099477e-03  1.17644634e-03\n",
      "   1.36018508e-03  1.54237578e-03  1.67479071e-03  1.72314234e-03\n",
      "   1.67407586e-03  1.53546826e-03  1.33109705e-03]\n",
      " [ 1.11697645e-03  1.33109705e-03  1.51308891e-03  1.64348532e-03\n",
      "   1.71168498e-03  1.71991378e-03  1.68372065e-03  1.62819921e-03\n",
      "   1.58069159e-03  1.56222919e-03  1.58069159e-03  1.62819921e-03\n",
      "   1.68372065e-03  1.71991378e-03  1.71168498e-03  1.64348532e-03\n",
      "   1.51308891e-03  1.33109705e-03  1.11697645e-03]]\n",
      "[[ 1.16491719e-03  1.19651228e-03  1.17084744e-03  1.08817592e-03\n",
      "   9.57890927e-04  7.98112223e-04  6.33314648e-04  4.90286256e-04\n",
      "   3.93189553e-04  3.58819757e-04  3.93189553e-04  4.90286256e-04\n",
      "   6.33314648e-04  7.98112223e-04  9.57890927e-04  1.08817592e-03\n",
      "   1.17084744e-03  1.19651228e-03  1.16491719e-03]\n",
      " [ 1.19651228e-03  1.16231563e-03  1.04808843e-03  8.57405729e-04\n",
      "   6.06495827e-04  3.23411674e-04  4.45542134e-05 -1.91032875e-04\n",
      "  -3.48531281e-04 -4.03892304e-04 -3.48531281e-04 -1.91032875e-04\n",
      "   4.45542134e-05  3.23411674e-04  6.06495827e-04  8.57405729e-04\n",
      "   1.04808843e-03  1.16231563e-03  1.19651228e-03]\n",
      " [ 1.17084744e-03  1.04808843e-03  8.18588112e-04  4.90286256e-04\n",
      "   8.78793646e-05 -3.48531281e-04 -7.68236316e-04 -1.11758287e-03\n",
      "  -1.34910086e-03 -1.43014952e-03 -1.34910086e-03 -1.11758287e-03\n",
      "  -7.68236316e-04 -3.48531281e-04  8.78793646e-05  4.90286256e-04\n",
      "   8.18588112e-04  1.04808843e-03  1.17084744e-03]\n",
      " [ 1.08817592e-03  8.57405729e-04  4.90286256e-04 -0.00000000e+00\n",
      "  -5.78980423e-04 -1.19285595e-03 -1.77478130e-03 -2.25470847e-03\n",
      "  -2.57101178e-03 -2.68145424e-03 -2.57101178e-03 -2.25470847e-03\n",
      "  -1.77478130e-03 -1.19285595e-03 -5.78980423e-04 -0.00000000e+00\n",
      "   4.90286256e-04  8.57405729e-04  1.08817592e-03]\n",
      " [ 9.57890927e-04  6.06495827e-04  8.78793646e-05 -5.78980423e-04\n",
      "  -1.34910086e-03 -2.15412174e-03 -2.91014897e-03 -3.52987576e-03\n",
      "  -3.93680949e-03 -4.07864863e-03 -3.93680949e-03 -3.52987576e-03\n",
      "  -2.91014897e-03 -2.15412174e-03 -1.34910086e-03 -5.78980423e-04\n",
      "   8.78793646e-05  6.06495827e-04  9.57890927e-04]\n",
      " [ 7.98112223e-04  3.23411674e-04 -3.48531281e-04 -1.19285595e-03\n",
      "  -2.15412174e-03 -3.14959964e-03 -4.07864863e-03 -4.83705603e-03\n",
      "  -5.33379189e-03 -5.50672352e-03 -5.33379189e-03 -4.83705603e-03\n",
      "  -4.07864863e-03 -3.14959964e-03 -2.15412174e-03 -1.19285595e-03\n",
      "  -3.48531281e-04  3.23411674e-04  7.98112223e-04]\n",
      " [ 6.33314648e-04  4.45542134e-05 -7.68236316e-04 -1.77478130e-03\n",
      "  -2.91014897e-03 -4.07864863e-03 -5.16458310e-03 -6.04857208e-03\n",
      "  -6.62656011e-03 -6.82761257e-03 -6.62656011e-03 -6.04857208e-03\n",
      "  -5.16458310e-03 -4.07864863e-03 -2.91014897e-03 -1.77478130e-03\n",
      "  -7.68236316e-04  4.45542134e-05  6.33314648e-04]\n",
      " [ 4.90286256e-04 -1.91032875e-04 -1.11758287e-03 -2.25470847e-03\n",
      "  -3.52987576e-03 -4.83705603e-03 -6.04857208e-03 -7.03299262e-03\n",
      "  -7.67592272e-03 -7.89944485e-03 -7.67592272e-03 -7.03299262e-03\n",
      "  -6.04857208e-03 -4.83705603e-03 -3.52987576e-03 -2.25470847e-03\n",
      "  -1.11758287e-03 -1.91032875e-04  4.90286256e-04]\n",
      " [ 3.93189553e-04 -3.48531281e-04 -1.34910086e-03 -2.57101178e-03\n",
      "  -3.93680949e-03 -5.33379189e-03 -6.62656011e-03 -7.67592272e-03\n",
      "  -8.36083080e-03 -8.59887451e-03 -8.36083080e-03 -7.67592272e-03\n",
      "  -6.62656011e-03 -5.33379189e-03 -3.93680949e-03 -2.57101178e-03\n",
      "  -1.34910086e-03 -3.48531281e-04  3.93189553e-04]\n",
      " [ 3.58819757e-04 -4.03892304e-04 -1.43014952e-03 -2.68145424e-03\n",
      "  -4.07864863e-03 -5.50672352e-03 -6.82761257e-03 -7.89944485e-03\n",
      "  -8.59887451e-03 -8.84194128e-03 -8.59887451e-03 -7.89944485e-03\n",
      "  -6.82761257e-03 -5.50672352e-03 -4.07864863e-03 -2.68145424e-03\n",
      "  -1.43014952e-03 -4.03892304e-04  3.58819757e-04]\n",
      " [ 3.93189553e-04 -3.48531281e-04 -1.34910086e-03 -2.57101178e-03\n",
      "  -3.93680949e-03 -5.33379189e-03 -6.62656011e-03 -7.67592272e-03\n",
      "  -8.36083080e-03 -8.59887451e-03 -8.36083080e-03 -7.67592272e-03\n",
      "  -6.62656011e-03 -5.33379189e-03 -3.93680949e-03 -2.57101178e-03\n",
      "  -1.34910086e-03 -3.48531281e-04  3.93189553e-04]\n",
      " [ 4.90286256e-04 -1.91032875e-04 -1.11758287e-03 -2.25470847e-03\n",
      "  -3.52987576e-03 -4.83705603e-03 -6.04857208e-03 -7.03299262e-03\n",
      "  -7.67592272e-03 -7.89944485e-03 -7.67592272e-03 -7.03299262e-03\n",
      "  -6.04857208e-03 -4.83705603e-03 -3.52987576e-03 -2.25470847e-03\n",
      "  -1.11758287e-03 -1.91032875e-04  4.90286256e-04]\n",
      " [ 6.33314648e-04  4.45542134e-05 -7.68236316e-04 -1.77478130e-03\n",
      "  -2.91014897e-03 -4.07864863e-03 -5.16458310e-03 -6.04857208e-03\n",
      "  -6.62656011e-03 -6.82761257e-03 -6.62656011e-03 -6.04857208e-03\n",
