{
 "cells": [
  {
   "cell_type": "code",
   "execution_count": 11,
   "metadata": {},
   "outputs": [],
   "source": [
    "import matplotlib as mpl\n",
    "import matplotlib.pyplot as plt\n",
    "import time\n",
    "import numpy as np"
   ]
  },
  {
   "cell_type": "code",
   "execution_count": 56,
   "metadata": {},
   "outputs": [],
   "source": [
    "from skimage.feature import blob_dog, blob_log, blob_doh"
   ]
  },
  {
   "cell_type": "code",
   "execution_count": 12,
   "metadata": {},
   "outputs": [],
   "source": [
    "def laplacian_g(x, y, sigma):\n",
    "    x2 = x**2\n",
    "    y2 = y**2\n",
    "    sigma4 = sigma**4\n",
    "    sigma2 = sigma**2\n",
    "\n",
    "    return -1*(1/(np.pi*sigma4))*(1-((x2+y2)/(2*sigma2)))*np.exp(-1*(x2+y2)/(2*sigma2))"
   ]
  },
  {
   "cell_type": "code",
   "execution_count": 13,
   "metadata": {},
   "outputs": [],
   "source": [
    "def filterImg(img, fil):\n",
    "    fil = fil.astype('float')\n",
    "    img = img.astype('float')\n",
    "    # this holds the end result\n",
    "    filtered = np.zeros_like(img)\n",
    "    width = int((fil.shape[1]-1)/2)\n",
    "    height = int((fil.shape[0]-1)/2)\n",
    "\n",
    "    for i in range(height,img.shape[1]-height):\n",
    "        for j in range(width,img.shape[0]-width):\n",
    "            filtered[j,i]= np.sum(fil * img[j-width:j+width+1, i-height:i+height+1])\n",
    "    \n",
    "    return filtered"
   ]
  },
  {
   "cell_type": "code",
   "execution_count": 14,
   "metadata": {},
   "outputs": [],
   "source": [
    "def LoG(sigma=1.0, size=19):\n",
    "    aran = np.arange(-1 * (size // 2), size // 2 + 1)\n",
    "    XX, YY = np.meshgrid(aran, aran)\n",
    "    kernel = laplacian_g(XX, YY, sigma)\n",
    "    kernel = kernel/np.sum(kernel) # normalization\n",
    "    return kernel"
   ]
  },
  {
   "cell_type": "code",
   "execution_count": 15,
   "metadata": {},
   "outputs": [
    {
     "name": "stdout",
     "output_type": "stream",
     "text": [
      "[[-4.00218177e-28 -1.75798822e-24 -2.84510636e-21 -1.70020195e-18\n",
      "  -3.76231938e-16 -3.09364940e-14 -9.48988277e-13 -1.09041665e-11\n",
      "  -4.71027312e-11 -7.66885339e-11 -4.71027312e-11 -1.09041665e-11\n",
      "  -9.48988277e-13 -3.09364940e-14 -3.76231938e-16 -1.70020195e-18\n",
      "  -2.84510636e-21 -1.75798822e-24 -4.00218177e-28]\n",
      " [-1.75798822e-24 -7.61296029e-21 -1.21259176e-17 -7.12085007e-15\n",
      "  -1.54683742e-12 -1.24837536e-10 -3.76304681e-09 -4.26148939e-08\n",
      "  -1.82305491e-07 -2.95799973e-07 -1.82305491e-07 -4.26148939e-08\n",
      "  -3.76304681e-09 -1.24837536e-10 -1.54683742e-12 -7.12085007e-15\n",
      "  -1.21259176e-17 -7.61296029e-21 -1.75798822e-24]\n",
      " [-2.84510636e-21 -1.21259176e-17 -1.89614472e-14 -1.09041665e-11\n",
      "  -2.31454979e-09 -1.82305491e-07 -5.36633664e-06 -5.95382776e-05\n",
      "  -2.51136045e-04 -4.05427228e-04 -2.51136045e-04 -5.95382776e-05\n",
      "  -5.36633664e-06 -1.82305491e-07 -2.31454979e-09 -1.09041665e-11\n",
      "  -1.89614472e-14 -1.21259176e-17 -2.84510636e-21]\n",
      " [-1.70020195e-18 -7.12085007e-15 -1.09041665e-11 -6.11683200e-09\n",
      "  -1.26153753e-06 -9.62372791e-05 -2.74076925e-03 -2.95069160e-02\n",
      "  -1.21800758e-01 -1.95077914e-01 -1.21800758e-01 -2.95069160e-02\n",
      "  -2.74076925e-03 -9.62372791e-05 -1.26153753e-06 -6.11683200e-09\n",
      "  -1.09041665e-11 -7.12085007e-15 -1.70020195e-18]\n",
      " [-3.76231938e-16 -1.54683742e-12 -2.31454979e-09 -1.26153753e-06\n",
      "  -2.51136045e-04 -1.83678189e-02 -4.99084000e-01 -5.13007409e+00\n",
      "  -2.04367973e+01 -3.22906415e+01 -2.04367973e+01 -5.13007409e+00\n",
      "  -4.99084000e-01 -1.83678189e-02 -2.51136045e-04 -1.26153753e-06\n",
      "  -2.31454979e-09 -1.54683742e-12 -3.76231938e-16]\n",
      " [-3.09364940e-14 -1.24837536e-10 -1.82305491e-07 -9.62372791e-05\n",
      "  -1.83678189e-02 -1.27186028e+00 -3.22906415e+01 -3.07863036e+02\n",
      "  -1.14978867e+03 -1.76930230e+03 -1.14978867e+03 -3.07863036e+02\n",
      "  -3.22906415e+01 -1.27186028e+00 -1.83678189e-02 -9.62372791e-05\n",
      "  -1.82305491e-07 -1.24837536e-10 -3.09364940e-14]\n",
      " [-9.48988277e-13 -3.76304681e-09 -5.36633664e-06 -2.74076925e-03\n",
      "  -4.99084000e-01 -3.22906415e+01 -7.43874218e+02 -6.23029218e+03\n",
      "  -2.03070781e+04 -2.92956226e+04 -2.03070781e+04 -6.23029218e+03\n",
      "  -7.43874218e+02 -3.22906415e+01 -4.99084000e-01 -2.74076925e-03\n",
      "  -5.36633664e-06 -3.76304681e-09 -9.48988277e-13]\n",
      " [-1.09041665e-11 -4.26148939e-08 -5.95382776e-05 -2.95069160e-02\n",
      "  -5.13007409e+00 -3.07863036e+02 -6.23029218e+03 -4.14002710e+04\n",
      "  -9.27715710e+04 -1.01969642e+05 -9.27715710e+04 -4.14002710e+04\n",
      "  -6.23029218e+03 -3.07863036e+02 -5.13007409e+00 -2.95069160e-02\n",
      "  -5.95382776e-05 -4.26148939e-08 -1.09041665e-11]\n",
      " [-4.71027312e-11 -1.82305491e-07 -2.51136045e-04 -1.21800758e-01\n",
      "  -2.04367973e+01 -1.14978867e+03 -2.03070781e+04 -9.27715710e+04\n",
      "   0.00000000e+00  2.28498114e+05  0.00000000e+00 -9.27715710e+04\n",
      "  -2.03070781e+04 -1.14978867e+03 -2.04367973e+01 -1.21800758e-01\n",
      "  -2.51136045e-04 -1.82305491e-07 -4.71027312e-11]\n",
      " [-7.66885339e-11 -2.95799973e-07 -4.05427228e-04 -1.95077914e-01\n",
      "  -3.22906415e+01 -1.76930230e+03 -2.92956226e+04 -1.01969642e+05\n",
      "   2.28498114e+05  7.53459402e+05  2.28498114e+05 -1.01969642e+05\n",
      "  -2.92956226e+04 -1.76930230e+03 -3.22906415e+01 -1.95077914e-01\n",
      "  -4.05427228e-04 -2.95799973e-07 -7.66885339e-11]\n",
      " [-4.71027312e-11 -1.82305491e-07 -2.51136045e-04 -1.21800758e-01\n",
      "  -2.04367973e+01 -1.14978867e+03 -2.03070781e+04 -9.27715710e+04\n",
      "   0.00000000e+00  2.28498114e+05  0.00000000e+00 -9.27715710e+04\n",
      "  -2.03070781e+04 -1.14978867e+03 -2.04367973e+01 -1.21800758e-01\n",
      "  -2.51136045e-04 -1.82305491e-07 -4.71027312e-11]\n",
      " [-1.09041665e-11 -4.26148939e-08 -5.95382776e-05 -2.95069160e-02\n",
      "  -5.13007409e+00 -3.07863036e+02 -6.23029218e+03 -4.14002710e+04\n",
      "  -9.27715710e+04 -1.01969642e+05 -9.27715710e+04 -4.14002710e+04\n",
      "  -6.23029218e+03 -3.07863036e+02 -5.13007409e+00 -2.95069160e-02\n",
      "  -5.95382776e-05 -4.26148939e-08 -1.09041665e-11]\n",
      " [-9.48988277e-13 -3.76304681e-09 -5.36633664e-06 -2.74076925e-03\n",
      "  -4.99084000e-01 -3.22906415e+01 -7.43874218e+02 -6.23029218e+03\n",
      "  -2.03070781e+04 -2.92956226e+04 -2.03070781e+04 -6.23029218e+03\n",
      "  -7.43874218e+02 -3.22906415e+01 -4.99084000e-01 -2.74076925e-03\n",
      "  -5.36633664e-06 -3.76304681e-09 -9.48988277e-13]\n",
      " [-3.09364940e-14 -1.24837536e-10 -1.82305491e-07 -9.62372791e-05\n",
      "  -1.83678189e-02 -1.27186028e+00 -3.22906415e+01 -3.07863036e+02\n",
      "  -1.14978867e+03 -1.76930230e+03 -1.14978867e+03 -3.07863036e+02\n",
      "  -3.22906415e+01 -1.27186028e+00 -1.83678189e-02 -9.62372791e-05\n",
      "  -1.82305491e-07 -1.24837536e-10 -3.09364940e-14]\n",
      " [-3.76231938e-16 -1.54683742e-12 -2.31454979e-09 -1.26153753e-06\n",
      "  -2.51136045e-04 -1.83678189e-02 -4.99084000e-01 -5.13007409e+00\n",
      "  -2.04367973e+01 -3.22906415e+01 -2.04367973e+01 -5.13007409e+00\n",
      "  -4.99084000e-01 -1.83678189e-02 -2.51136045e-04 -1.26153753e-06\n",
      "  -2.31454979e-09 -1.54683742e-12 -3.76231938e-16]\n",
      " [-1.70020195e-18 -7.12085007e-15 -1.09041665e-11 -6.11683200e-09\n",
      "  -1.26153753e-06 -9.62372791e-05 -2.74076925e-03 -2.95069160e-02\n",
      "  -1.21800758e-01 -1.95077914e-01 -1.21800758e-01 -2.95069160e-02\n",
      "  -2.74076925e-03 -9.62372791e-05 -1.26153753e-06 -6.11683200e-09\n",
      "  -1.09041665e-11 -7.12085007e-15 -1.70020195e-18]\n",
      " [-2.84510636e-21 -1.21259176e-17 -1.89614472e-14 -1.09041665e-11\n",
      "  -2.31454979e-09 -1.82305491e-07 -5.36633664e-06 -5.95382776e-05\n",
      "  -2.51136045e-04 -4.05427228e-04 -2.51136045e-04 -5.95382776e-05\n",
      "  -5.36633664e-06 -1.82305491e-07 -2.31454979e-09 -1.09041665e-11\n",
      "  -1.89614472e-14 -1.21259176e-17 -2.84510636e-21]\n",
      " [-1.75798822e-24 -7.61296029e-21 -1.21259176e-17 -7.12085007e-15\n",
      "  -1.54683742e-12 -1.24837536e-10 -3.76304681e-09 -4.26148939e-08\n",
      "  -1.82305491e-07 -2.95799973e-07 -1.82305491e-07 -4.26148939e-08\n",
      "  -3.76304681e-09 -1.24837536e-10 -1.54683742e-12 -7.12085007e-15\n",
      "  -1.21259176e-17 -7.61296029e-21 -1.75798822e-24]\n",
      " [-4.00218177e-28 -1.75798822e-24 -2.84510636e-21 -1.70020195e-18\n",
      "  -3.76231938e-16 -3.09364940e-14 -9.48988277e-13 -1.09041665e-11\n",
      "  -4.71027312e-11 -7.66885339e-11 -4.71027312e-11 -1.09041665e-11\n",
      "  -9.48988277e-13 -3.09364940e-14 -3.76231938e-16 -1.70020195e-18\n",
      "  -2.84510636e-21 -1.75798822e-24 -4.00218177e-28]]\n",
      "[[-3.14807904e-05 -2.34488338e-04 -1.36164114e-03 -6.17814171e-03\n",
      "  -2.19691046e-02 -6.14550504e-02 -1.35827935e-01 -2.38286820e-01\n",
      "  -3.33197279e-01 -3.72459792e-01 -3.33197279e-01 -2.38286820e-01\n",
      "  -1.35827935e-01 -6.14550504e-02 -2.19691046e-02 -6.17814171e-03\n",
      "  -1.36164114e-03 -2.34488338e-04 -3.14807904e-05]\n",
      " [-2.34488338e-04 -1.71971984e-03 -9.81223425e-03 -4.36611298e-02\n",
      "  -1.52036223e-01 -4.16270700e-01 -9.01497185e-01 -1.55466320e+00\n",
      "  -2.14892053e+00 -2.39232587e+00 -2.14892053e+00 -1.55466320e+00\n",
      "  -9.01497185e-01 -4.16270700e-01 -1.52036223e-01 -4.36611298e-02\n",
      "  -9.81223425e-03 -1.71971984e-03 -2.34488338e-04]\n",
      " [-1.36164114e-03 -9.81223425e-03 -5.48432612e-02 -2.38286820e-01\n",
      "  -8.07807988e-01 -2.14892053e+00 -4.52192314e+00 -7.60325816e+00\n",
      "  -1.03251637e+01 -1.14213732e+01 -1.03251637e+01 -7.60325816e+00\n",
      "  -4.52192314e+00 -2.14892053e+00 -8.07807988e-01 -2.38286820e-01\n",
      "  -5.48432612e-02 -9.81223425e-03 -1.36164114e-03]\n",
      " [-6.17814171e-03 -4.36611298e-02 -2.38286820e-01 -1.00581429e+00\n",
      "  -3.29434145e+00 -8.42416200e+00 -1.69935232e+01 -2.74577998e+01\n",
      "  -3.62054696e+01 -3.96114763e+01 -3.62054696e+01 -2.74577998e+01\n",
      "  -1.69935232e+01 -8.42416200e+00 -3.29434145e+00 -1.00581429e+00\n",
      "  -2.38286820e-01 -4.36611298e-02 -6.17814171e-03]\n",
      " [-2.19691046e-02 -1.52036223e-01 -8.07807988e-01 -3.29434145e+00\n",
      "  -1.03251637e+01 -2.49886553e+01 -4.72291322e+01 -7.12672439e+01\n",
      "  -8.88799097e+01 -9.51189026e+01 -8.88799097e+01 -7.12672439e+01\n",
      "  -4.72291322e+01 -2.49886553e+01 -1.03251637e+01 -3.29434145e+00\n",
      "  -8.07807988e-01 -1.52036223e-01 -2.19691046e-02]\n",
      " [-6.14550504e-02 -4.16270700e-01 -2.14892053e+00 -8.42416200e+00\n",
      "  -2.49886553e+01 -5.59785287e+01 -9.51189026e+01 -1.25439180e+02\n",
      "  -1.36884698e+02 -1.37876163e+02 -1.36884698e+02 -1.25439180e+02\n",
      "  -9.51189026e+01 -5.59785287e+01 -2.49886553e+01 -8.42416200e+00\n",
      "  -2.14892053e+00 -4.16270700e-01 -6.14550504e-02]\n",
      " [-1.35827935e-01 -9.01497185e-01 -4.52192314e+00 -1.69935232e+01\n",
      "  -4.72291322e+01 -9.51189026e+01 -1.34222580e+02 -1.25380396e+02\n",
      "  -7.29709599e+01 -4.13434651e+01 -7.29709599e+01 -1.25380396e+02\n",
      "  -1.34222580e+02 -9.51189026e+01 -4.72291322e+01 -1.69935232e+01\n",
      "  -4.52192314e+00 -9.01497185e-01 -1.35827935e-01]\n",
      " [-2.38286820e-01 -1.55466320e+00 -7.60325816e+00 -2.74577998e+01\n",
      "  -7.12672439e+01 -1.25439180e+02 -1.25380396e+02  0.00000000e+00\n",
      "   2.04491551e+02  3.08959046e+02  2.04491551e+02  0.00000000e+00\n",
      "  -1.25380396e+02 -1.25439180e+02 -7.12672439e+01 -2.74577998e+01\n",
      "  -7.60325816e+00 -1.55466320e+00 -2.38286820e-01]\n",
      " [-3.33197279e-01 -2.14892053e+00 -1.03251637e+01 -3.62054696e+01\n",
      "  -8.88799097e+01 -1.36884698e+02 -7.29709599e+01  2.04491551e+02\n",
      "   5.95066903e+02  7.86682330e+02  5.95066903e+02  2.04491551e+02\n",
      "  -7.29709599e+01 -1.36884698e+02 -8.88799097e+01 -3.62054696e+01\n",
      "  -1.03251637e+01 -2.14892053e+00 -3.33197279e-01]\n",
      " [-3.72459792e-01 -2.39232587e+00 -1.14213732e+01 -3.96114763e+01\n",
      "  -9.51189026e+01 -1.37876163e+02 -4.13434651e+01  3.08959046e+02\n",
      "   7.86682330e+02  1.01877470e+03  7.86682330e+02  3.08959046e+02\n",
      "  -4.13434651e+01 -1.37876163e+02 -9.51189026e+01 -3.96114763e+01\n",
      "  -1.14213732e+01 -2.39232587e+00 -3.72459792e-01]\n",
      " [-3.33197279e-01 -2.14892053e+00 -1.03251637e+01 -3.62054696e+01\n",
      "  -8.88799097e+01 -1.36884698e+02 -7.29709599e+01  2.04491551e+02\n",
      "   5.95066903e+02  7.86682330e+02  5.95066903e+02  2.04491551e+02\n",
      "  -7.29709599e+01 -1.36884698e+02 -8.88799097e+01 -3.62054696e+01\n",
      "  -1.03251637e+01 -2.14892053e+00 -3.33197279e-01]\n",
      " [-2.38286820e-01 -1.55466320e+00 -7.60325816e+00 -2.74577998e+01\n",
      "  -7.12672439e+01 -1.25439180e+02 -1.25380396e+02  0.00000000e+00\n",
      "   2.04491551e+02  3.08959046e+02  2.04491551e+02  0.00000000e+00\n",
      "  -1.25380396e+02 -1.25439180e+02 -7.12672439e+01 -2.74577998e+01\n",
      "  -7.60325816e+00 -1.55466320e+00 -2.38286820e-01]\n",
      " [-1.35827935e-01 -9.01497185e-01 -4.52192314e+00 -1.69935232e+01\n",
      "  -4.72291322e+01 -9.51189026e+01 -1.34222580e+02 -1.25380396e+02\n",
      "  -7.29709599e+01 -4.13434651e+01 -7.29709599e+01 -1.25380396e+02\n",
      "  -1.34222580e+02 -9.51189026e+01 -4.72291322e+01 -1.69935232e+01\n",
      "  -4.52192314e+00 -9.01497185e-01 -1.35827935e-01]\n",
      " [-6.14550504e-02 -4.16270700e-01 -2.14892053e+00 -8.42416200e+00\n",
      "  -2.49886553e+01 -5.59785287e+01 -9.51189026e+01 -1.25439180e+02\n",
      "  -1.36884698e+02 -1.37876163e+02 -1.36884698e+02 -1.25439180e+02\n",
      "  -9.51189026e+01 -5.59785287e+01 -2.49886553e+01 -8.42416200e+00\n",
      "  -2.14892053e+00 -4.16270700e-01 -6.14550504e-02]\n",
      " [-2.19691046e-02 -1.52036223e-01 -8.07807988e-01 -3.29434145e+00\n",
      "  -1.03251637e+01 -2.49886553e+01 -4.72291322e+01 -7.12672439e+01\n",
      "  -8.88799097e+01 -9.51189026e+01 -8.88799097e+01 -7.12672439e+01\n",
      "  -4.72291322e+01 -2.49886553e+01 -1.03251637e+01 -3.29434145e+00\n",
      "  -8.07807988e-01 -1.52036223e-01 -2.19691046e-02]\n",
      " [-6.17814171e-03 -4.36611298e-02 -2.38286820e-01 -1.00581429e+00\n",
      "  -3.29434145e+00 -8.42416200e+00 -1.69935232e+01 -2.74577998e+01\n",
      "  -3.62054696e+01 -3.96114763e+01 -3.62054696e+01 -2.74577998e+01\n",
      "  -1.69935232e+01 -8.42416200e+00 -3.29434145e+00 -1.00581429e+00\n",
      "  -2.38286820e-01 -4.36611298e-02 -6.17814171e-03]\n",
      " [-1.36164114e-03 -9.81223425e-03 -5.48432612e-02 -2.38286820e-01\n",
      "  -8.07807988e-01 -2.14892053e+00 -4.52192314e+00 -7.60325816e+00\n",
      "  -1.03251637e+01 -1.14213732e+01 -1.03251637e+01 -7.60325816e+00\n",
      "  -4.52192314e+00 -2.14892053e+00 -8.07807988e-01 -2.38286820e-01\n",
      "  -5.48432612e-02 -9.81223425e-03 -1.36164114e-03]\n",
      " [-2.34488338e-04 -1.71971984e-03 -9.81223425e-03 -4.36611298e-02\n",
      "  -1.52036223e-01 -4.16270700e-01 -9.01497185e-01 -1.55466320e+00\n",
      "  -2.14892053e+00 -2.39232587e+00 -2.14892053e+00 -1.55466320e+00\n",
      "  -9.01497185e-01 -4.16270700e-01 -1.52036223e-01 -4.36611298e-02\n",
      "  -9.81223425e-03 -1.71971984e-03 -2.34488338e-04]\n",
      " [-3.14807904e-05 -2.34488338e-04 -1.36164114e-03 -6.17814171e-03\n",
      "  -2.19691046e-02 -6.14550504e-02 -1.35827935e-01 -2.38286820e-01\n",
      "  -3.33197279e-01 -3.72459792e-01 -3.33197279e-01 -2.38286820e-01\n",
      "  -1.35827935e-01 -6.14550504e-02 -2.19691046e-02 -6.17814171e-03\n",
      "  -1.36164114e-03 -2.34488338e-04 -3.14807904e-05]]\n",
      "[[-1.07615669e-03 -2.44052775e-03 -4.95233619e-03 -9.01331226e-03\n",
      "  -1.47616219e-02 -2.18487069e-02 -2.93780822e-02 -3.60913481e-02\n",
      "  -4.07277754e-02 -4.23817354e-02 -4.07277754e-02 -3.60913481e-02\n",
      "  -2.93780822e-02 -2.18487069e-02 -1.47616219e-02 -9.01331226e-03\n",
      "  -4.95233619e-03 -2.44052775e-03 -1.07615669e-03]\n",
      " [-2.44052775e-03 -5.43550281e-03 -1.08014662e-02 -1.91968550e-02\n",
      "  -3.06250471e-02 -4.40917511e-02 -5.77059567e-02 -6.92572617e-02\n",
      "  -7.69087200e-02 -7.95725047e-02 -7.69087200e-02 -6.92572617e-02\n",
      "  -5.77059567e-02 -4.40917511e-02 -3.06250471e-02 -1.91968550e-02\n",
      "  -1.08014662e-02 -5.43550281e-03 -2.44052775e-03]\n",
      " [-4.95233619e-03 -1.08014662e-02 -2.09296113e-02 -3.60913481e-02\n",
      "  -5.55799961e-02 -7.69087200e-02 -9.65672837e-02 -1.11551503e-01\n",
      "  -1.20486884e-01 -1.23389714e-01 -1.20486884e-01 -1.11551503e-01\n",
      "  -9.65672837e-02 -7.69087200e-02 -5.55799961e-02 -3.60913481e-02\n",
      "  -2.09296113e-02 -1.08014662e-02 -4.95233619e-03]\n",
      " [-9.01331226e-03 -1.91968550e-02 -3.60913481e-02 -5.98934303e-02\n",
      "  -8.78731240e-02 -1.14554926e-01 -1.34211866e-01 -1.44373401e-01\n",
      "  -1.47299245e-01 -1.47518639e-01 -1.47299245e-01 -1.44373401e-01\n",
      "  -1.34211866e-01 -1.14554926e-01 -8.78731240e-02 -5.98934303e-02\n",
      "  -3.60913481e-02 -1.91968550e-02 -9.01331226e-03]\n",
      " [-1.47616219e-02 -3.06250471e-02 -5.55799961e-02 -8.78731240e-02\n",
      "  -1.20486884e-01 -1.42779176e-01 -1.46537682e-01 -1.33002368e-01\n",
      "  -1.14271806e-01 -1.05699909e-01 -1.14271806e-01 -1.33002368e-01\n",
      "  -1.46537682e-01 -1.42779176e-01 -1.20486884e-01 -8.78731240e-02\n",
      "  -5.55799961e-02 -3.06250471e-02 -1.47616219e-02]\n",
      " [-2.18487069e-02 -4.40917511e-02 -7.69087200e-02 -1.14554926e-01\n",
      "  -1.42779176e-01 -1.43288822e-01 -1.05699909e-01 -3.98697880e-02\n",
      "   2.35502946e-02  4.97913396e-02  2.35502946e-02 -3.98697880e-02\n",
      "  -1.05699909e-01 -1.43288822e-01 -1.42779176e-01 -1.14554926e-01\n",
      "  -7.69087200e-02 -4.40917511e-02 -2.18487069e-02]\n",
      " [-2.93780822e-02 -5.77059567e-02 -9.65672837e-02 -1.34211866e-01\n",
      "  -1.46537682e-01 -1.05699909e-01  0.00000000e+00  1.47053794e-01\n",
      "   2.77957649e-01  3.30566335e-01  2.77957649e-01  1.47053794e-01\n",
      "   0.00000000e+00 -1.05699909e-01 -1.46537682e-01 -1.34211866e-01\n",
      "  -9.65672837e-02 -5.77059567e-02 -2.93780822e-02]\n",
      " [-3.60913481e-02 -6.92572617e-02 -1.11551503e-01 -1.44373401e-01\n",
      "  -1.33002368e-01 -3.98697880e-02  1.47053794e-01  3.88278716e-01\n",
      "   5.96306236e-01  6.78862010e-01  5.96306236e-01  3.88278716e-01\n",
      "   1.47053794e-01 -3.98697880e-02 -1.33002368e-01 -1.44373401e-01\n",
      "  -1.11551503e-01 -6.92572617e-02 -3.60913481e-02]\n",
      " [-4.07277754e-02 -7.69087200e-02 -1.20486884e-01 -1.47299245e-01\n",
      "  -1.14271806e-01  2.35502946e-02  2.77957649e-01  5.96306236e-01\n",
      "   8.67018561e-01  9.73833712e-01  8.67018561e-01  5.96306236e-01\n",
      "   2.77957649e-01  2.35502946e-02 -1.14271806e-01 -1.47299245e-01\n",
      "  -1.20486884e-01 -7.69087200e-02 -4.07277754e-02]\n",
      " [-4.23817354e-02 -7.95725047e-02 -1.23389714e-01 -1.47518639e-01\n",
      "  -1.05699909e-01  4.97913396e-02  3.30566335e-01  6.78862010e-01\n",
      "   9.73833712e-01  1.09002350e+00  9.73833712e-01  6.78862010e-01\n",
      "   3.30566335e-01  4.97913396e-02 -1.05699909e-01 -1.47518639e-01\n",
      "  -1.23389714e-01 -7.95725047e-02 -4.23817354e-02]\n",
      " [-4.07277754e-02 -7.69087200e-02 -1.20486884e-01 -1.47299245e-01\n",
      "  -1.14271806e-01  2.35502946e-02  2.77957649e-01  5.96306236e-01\n",
      "   8.67018561e-01  9.73833712e-01  8.67018561e-01  5.96306236e-01\n",
      "   2.77957649e-01  2.35502946e-02 -1.14271806e-01 -1.47299245e-01\n",
      "  -1.20486884e-01 -7.69087200e-02 -4.07277754e-02]\n",
      " [-3.60913481e-02 -6.92572617e-02 -1.11551503e-01 -1.44373401e-01\n",
      "  -1.33002368e-01 -3.98697880e-02  1.47053794e-01  3.88278716e-01\n",
      "   5.96306236e-01  6.78862010e-01  5.96306236e-01  3.88278716e-01\n",
      "   1.47053794e-01 -3.98697880e-02 -1.33002368e-01 -1.44373401e-01\n",
      "  -1.11551503e-01 -6.92572617e-02 -3.60913481e-02]\n",
      " [-2.93780822e-02 -5.77059567e-02 -9.65672837e-02 -1.34211866e-01\n",
      "  -1.46537682e-01 -1.05699909e-01  0.00000000e+00  1.47053794e-01\n",
      "   2.77957649e-01  3.30566335e-01  2.77957649e-01  1.47053794e-01\n",
      "   0.00000000e+00 -1.05699909e-01 -1.46537682e-01 -1.34211866e-01\n",
      "  -9.65672837e-02 -5.77059567e-02 -2.93780822e-02]\n",
      " [-2.18487069e-02 -4.40917511e-02 -7.69087200e-02 -1.14554926e-01\n",
      "  -1.42779176e-01 -1.43288822e-01 -1.05699909e-01 -3.98697880e-02\n",
      "   2.35502946e-02  4.97913396e-02  2.35502946e-02 -3.98697880e-02\n",
      "  -1.05699909e-01 -1.43288822e-01 -1.42779176e-01 -1.14554926e-01\n",
      "  -7.69087200e-02 -4.40917511e-02 -2.18487069e-02]\n",
      " [-1.47616219e-02 -3.06250471e-02 -5.55799961e-02 -8.78731240e-02\n",
      "  -1.20486884e-01 -1.42779176e-01 -1.46537682e-01 -1.33002368e-01\n",
      "  -1.14271806e-01 -1.05699909e-01 -1.14271806e-01 -1.33002368e-01\n",
      "  -1.46537682e-01 -1.42779176e-01 -1.20486884e-01 -8.78731240e-02\n",
      "  -5.55799961e-02 -3.06250471e-02 -1.47616219e-02]\n",
      " [-9.01331226e-03 -1.91968550e-02 -3.60913481e-02 -5.98934303e-02\n",
      "  -8.78731240e-02 -1.14554926e-01 -1.34211866e-01 -1.44373401e-01\n",
      "  -1.47299245e-01 -1.47518639e-01 -1.47299245e-01 -1.44373401e-01\n",
      "  -1.34211866e-01 -1.14554926e-01 -8.78731240e-02 -5.98934303e-02\n",
      "  -3.60913481e-02 -1.91968550e-02 -9.01331226e-03]\n",
      " [-4.95233619e-03 -1.08014662e-02 -2.09296113e-02 -3.60913481e-02\n",
      "  -5.55799961e-02 -7.69087200e-02 -9.65672837e-02 -1.11551503e-01\n",
      "  -1.20486884e-01 -1.23389714e-01 -1.20486884e-01 -1.11551503e-01\n",
      "  -9.65672837e-02 -7.69087200e-02 -5.55799961e-02 -3.60913481e-02\n",
      "  -2.09296113e-02 -1.08014662e-02 -4.95233619e-03]\n",
      " [-2.44052775e-03 -5.43550281e-03 -1.08014662e-02 -1.91968550e-02\n",
      "  -3.06250471e-02 -4.40917511e-02 -5.77059567e-02 -6.92572617e-02\n",
      "  -7.69087200e-02 -7.95725047e-02 -7.69087200e-02 -6.92572617e-02\n",
      "  -5.77059567e-02 -4.40917511e-02 -3.06250471e-02 -1.91968550e-02\n",
      "  -1.08014662e-02 -5.43550281e-03 -2.44052775e-03]\n",
      " [-1.07615669e-03 -2.44052775e-03 -4.95233619e-03 -9.01331226e-03\n",
      "  -1.47616219e-02 -2.18487069e-02 -2.93780822e-02 -3.60913481e-02\n",
      "  -4.07277754e-02 -4.23817354e-02 -4.07277754e-02 -3.60913481e-02\n",
      "  -2.93780822e-02 -2.18487069e-02 -1.47616219e-02 -9.01331226e-03\n",
      "  -4.95233619e-03 -2.44052775e-03 -1.07615669e-03]]\n",
      "[[-0.00232111 -0.00343203 -0.00475635 -0.00619297 -0.00760327 -0.00884764\n",
      "  -0.00982526 -0.01049664 -0.01087576 -0.01099657 -0.01087576 -0.01049664\n",
      "  -0.00982526 -0.00884764 -0.00760327 -0.00619297 -0.00475635 -0.00343203\n",
      "  -0.00232111]\n",
      " [-0.00343203 -0.00495978 -0.00668731 -0.00842767 -0.00996236 -0.0111141\n",
      "  -0.01181459 -0.01212819 -0.01221019 -0.01221603 -0.01221019 -0.01212819\n",
      "  -0.01181459 -0.0111141  -0.00996236 -0.00842767 -0.00668731 -0.00495978\n",
      "  -0.00343203]\n",
      " [-0.00475635 -0.00668731 -0.00870735 -0.01049664 -0.01173039 -0.01221019\n",
      "  -0.01197247 -0.01130546 -0.01064281 -0.01037062 -0.01064281 -0.01130546\n",
      "  -0.01197247 -0.01221019 -0.01173039 -0.01049664 -0.00870735 -0.00668731\n",
      "  -0.00475635]\n",
      " [-0.00619297 -0.00842767 -0.01049664 -0.01189232 -0.01215887 -0.01110889\n",
      "  -0.0089864  -0.00646533 -0.00443799 -0.00366309 -0.00443799 -0.00646533\n",
      "  -0.0089864  -0.01110889 -0.01215887 -0.01189232 -0.01049664 -0.00842767\n",
      "  -0.00619297]\n",
      " [-0.00760327 -0.00996236 -0.01173039 -0.01215887 -0.01064281 -0.00704972\n",
      "  -0.00194967  0.00341909  0.00751028  0.00904013  0.00751028  0.00341909\n",
      "  -0.00194967 -0.00704972 -0.01064281 -0.01215887 -0.01173039 -0.00996236\n",
      "  -0.00760327]\n",
      " [-0.00884764 -0.0111141  -0.01221019 -0.01110889 -0.00704972  0.\n",
      "   0.00904013  0.01811825  0.02487376  0.02737422  0.02487376  0.01811825\n",
      "   0.00904013  0.         -0.00704972 -0.01110889 -0.01221019 -0.0111141\n",
      "  -0.00884764]\n",
      " [-0.00982526 -0.01181459 -0.01197247 -0.0089864  -0.00194967  0.00904013\n",
      "   0.02250124  0.03570184  0.04540197  0.04897242  0.04540197  0.03570184\n",
      "   0.02250124  0.00904013 -0.00194967 -0.0089864  -0.01197247 -0.01181459\n",
      "  -0.00982526]\n",
      " [-0.01049664 -0.01212819 -0.01130546 -0.00646533  0.00341909  0.01811825\n",
      "   0.03570184  0.0527238   0.06514399  0.06970121  0.06514399  0.0527238\n",
      "   0.03570184  0.01811825  0.00341909 -0.00646533 -0.01130546 -0.01212819\n",
      "  -0.01049664]\n",
      " [-0.01087576 -0.01221019 -0.01064281 -0.00443799  0.00751028  0.02487376\n",
      "   0.04540197  0.06514399  0.0794963   0.08475378  0.0794963   0.06514399\n",
      "   0.04540197  0.02487376  0.00751028 -0.00443799 -0.01064281 -0.01221019\n",
      "  -0.01087576]\n",
      " [-0.01099657 -0.01221603 -0.01037062 -0.00366309  0.00904013  0.02737422\n",
      "   0.04897242  0.06970121  0.08475378  0.09026493  0.08475378  0.06970121\n",
      "   0.04897242  0.02737422  0.00904013 -0.00366309 -0.01037062 -0.01221603\n",
      "  -0.01099657]\n",
      " [-0.01087576 -0.01221019 -0.01064281 -0.00443799  0.00751028  0.02487376\n",
      "   0.04540197  0.06514399  0.0794963   0.08475378  0.0794963   0.06514399\n",
      "   0.04540197  0.02487376  0.00751028 -0.00443799 -0.01064281 -0.01221019\n",
      "  -0.01087576]\n",
      " [-0.01049664 -0.01212819 -0.01130546 -0.00646533  0.00341909  0.01811825\n",
      "   0.03570184  0.0527238   0.06514399  0.06970121  0.06514399  0.0527238\n",
      "   0.03570184  0.01811825  0.00341909 -0.00646533 -0.01130546 -0.01212819\n",
      "  -0.01049664]\n",
      " [-0.00982526 -0.01181459 -0.01197247 -0.0089864  -0.00194967  0.00904013\n",
      "   0.02250124  0.03570184  0.04540197  0.04897242  0.04540197  0.03570184\n",
      "   0.02250124  0.00904013 -0.00194967 -0.0089864  -0.01197247 -0.01181459\n",
      "  -0.00982526]\n",
      " [-0.00884764 -0.0111141  -0.01221019 -0.01110889 -0.00704972  0.\n",
      "   0.00904013  0.01811825  0.02487376  0.02737422  0.02487376  0.01811825\n",
      "   0.00904013  0.         -0.00704972 -0.01110889 -0.01221019 -0.0111141\n",
      "  -0.00884764]\n",
      " [-0.00760327 -0.00996236 -0.01173039 -0.01215887 -0.01064281 -0.00704972\n",
      "  -0.00194967  0.00341909  0.00751028  0.00904013  0.00751028  0.00341909\n",
      "  -0.00194967 -0.00704972 -0.01064281 -0.01215887 -0.01173039 -0.00996236\n",
      "  -0.00760327]\n",
      " [-0.00619297 -0.00842767 -0.01049664 -0.01189232 -0.01215887 -0.01110889\n",
      "  -0.0089864  -0.00646533 -0.00443799 -0.00366309 -0.00443799 -0.00646533\n",
      "  -0.0089864  -0.01110889 -0.01215887 -0.01189232 -0.01049664 -0.00842767\n",
      "  -0.00619297]\n",
      " [-0.00475635 -0.00668731 -0.00870735 -0.01049664 -0.01173039 -0.01221019\n",
      "  -0.01197247 -0.01130546 -0.01064281 -0.01037062 -0.01064281 -0.01130546\n",
      "  -0.01197247 -0.01221019 -0.01173039 -0.01049664 -0.00870735 -0.00668731\n",
      "  -0.00475635]\n",
      " [-0.00343203 -0.00495978 -0.00668731 -0.00842767 -0.00996236 -0.0111141\n",
      "  -0.01181459 -0.01212819 -0.01221019 -0.01221603 -0.01221019 -0.01212819\n",
      "  -0.01181459 -0.0111141  -0.00996236 -0.00842767 -0.00668731 -0.00495978\n",
      "  -0.00343203]\n",
      " [-0.00232111 -0.00343203 -0.00475635 -0.00619297 -0.00760327 -0.00884764\n",
      "  -0.00982526 -0.01049664 -0.01087576 -0.01099657 -0.01087576 -0.01049664\n",
      "  -0.00982526 -0.00884764 -0.00760327 -0.00619297 -0.00475635 -0.00343203\n",
      "  -0.00232111]]\n",
      "[[-0.00237775 -0.00283356 -0.00322098 -0.00349856 -0.00364374 -0.00366125\n",
      "  -0.00358421 -0.00346602 -0.00336488 -0.00332558 -0.00336488 -0.00346602\n",
      "  -0.00358421 -0.00366125 -0.00364374 -0.00349856 -0.00322098 -0.00283356\n",
      "  -0.00237775]\n",
      " [-0.00283356 -0.00326862 -0.00356368 -0.00366813 -0.0035652  -0.00328332\n",
      "  -0.00289548 -0.00250435 -0.00221601 -0.00211006 -0.00221601 -0.00250435\n",
      "  -0.00289548 -0.00328332 -0.0035652  -0.00366813 -0.00356368 -0.00326862\n",
      "  -0.00283356]\n",
      " [-0.00322098 -0.00356368 -0.00366511 -0.00346602 -0.00296155 -0.00221601\n",
      "  -0.00135948 -0.00056342  0.          0.00020345  0.         -0.00056342\n",
      "  -0.00135948 -0.00221601 -0.00296155 -0.00346602 -0.00366511 -0.00356368\n",
      "  -0.00322098]\n",
      " [-0.00349856 -0.00366813 -0.00346602 -0.00282554 -0.00176042 -0.0003832\n",
      "   0.00110197  0.00243572  0.00336224  0.00369402  0.00336224  0.00243572\n",
      "   0.00110197 -0.0003832  -0.00176042 -0.00282554 -0.00346602 -0.00366813\n",
      "  -0.00349856]\n",
      " [-0.00364374 -0.0035652  -0.00296155 -0.00176042  0.          0.00214874\n",
      "   0.00439403  0.0063737   0.00773466  0.0082197   0.00773466  0.0063737\n",
      "   0.00439403  0.00214874  0.         -0.00176042 -0.00296155 -0.0035652\n",
      "  -0.00364374]\n",
      " [-0.00366125 -0.00328332 -0.00221601 -0.0003832   0.00214874  0.00514502\n",
      "   0.0082197   0.01090101  0.0127326   0.01338344  0.0127326   0.01090101\n",
      "   0.0082197   0.00514502  0.00214874 -0.0003832  -0.00221601 -0.00328332\n",
      "  -0.00366125]\n",
      " [-0.00358421 -0.00289548 -0.00135948  0.00110197  0.00439403  0.0082197\n",
      "   0.01210228  0.01546494  0.01775269  0.0185641   0.01775269  0.01546494\n",
      "   0.01210228  0.0082197   0.00439403  0.00110197 -0.00135948 -0.00289548\n",
      "  -0.00358421]\n",
      " [-0.00346602 -0.00250435 -0.00056342  0.00243572  0.0063737   0.01090101\n",
      "   0.01546494  0.01940105  0.02207223  0.02301852  0.02207223  0.01940105\n",
      "   0.01546494  0.01090101  0.0063737   0.00243572 -0.00056342 -0.00250435\n",
      "  -0.00346602]\n",
      " [-0.00336488 -0.00221601  0.          0.00336224  0.00773466  0.0127326\n",
      "   0.01775269  0.02207223  0.02499957  0.02603594  0.02499957  0.02207223\n",
      "   0.01775269  0.0127326   0.00773466  0.00336224  0.         -0.00221601\n",
      "  -0.00336488]\n",
      " [-0.00332558 -0.00211006  0.00020345  0.00369402  0.0082197   0.01338344\n",
      "   0.0185641   0.02301852  0.02603594  0.02710399  0.02603594  0.02301852\n",
      "   0.0185641   0.01338344  0.0082197   0.00369402  0.00020345 -0.00211006\n",
      "  -0.00332558]\n",
      " [-0.00336488 -0.00221601  0.          0.00336224  0.00773466  0.0127326\n",
      "   0.01775269  0.02207223  0.02499957  0.02603594  0.02499957  0.02207223\n",
      "   0.01775269  0.0127326   0.00773466  0.00336224  0.         -0.00221601\n",
      "  -0.00336488]\n",
      " [-0.00346602 -0.00250435 -0.00056342  0.00243572  0.0063737   0.01090101\n",
      "   0.01546494  0.01940105  0.02207223  0.02301852  0.02207223  0.01940105\n",
      "   0.01546494  0.01090101  0.0063737   0.00243572 -0.00056342 -0.00250435\n",
      "  -0.00346602]\n",
      " [-0.00358421 -0.00289548 -0.00135948  0.00110197  0.00439403  0.0082197\n",
      "   0.01210228  0.01546494  0.01775269  0.0185641   0.01775269  0.01546494\n",
      "   0.01210228  0.0082197   0.00439403  0.00110197 -0.00135948 -0.00289548\n",
      "  -0.00358421]\n",
      " [-0.00366125 -0.00328332 -0.00221601 -0.0003832   0.00214874  0.00514502\n",
      "   0.0082197   0.01090101  0.0127326   0.01338344  0.0127326   0.01090101\n",
      "   0.0082197   0.00514502  0.00214874 -0.0003832  -0.00221601 -0.00328332\n",
      "  -0.00366125]\n",
      " [-0.00364374 -0.0035652  -0.00296155 -0.00176042  0.          0.00214874\n",
      "   0.00439403  0.0063737   0.00773466  0.0082197   0.00773466  0.0063737\n",
      "   0.00439403  0.00214874  0.         -0.00176042 -0.00296155 -0.0035652\n",
      "  -0.00364374]\n",
      " [-0.00349856 -0.00366813 -0.00346602 -0.00282554 -0.00176042 -0.0003832\n",
      "   0.00110197  0.00243572  0.00336224  0.00369402  0.00336224  0.00243572\n",
      "   0.00110197 -0.0003832  -0.00176042 -0.00282554 -0.00346602 -0.00366813\n",
      "  -0.00349856]\n",
      " [-0.00322098 -0.00356368 -0.00366511 -0.00346602 -0.00296155 -0.00221601\n",
      "  -0.00135948 -0.00056342  0.          0.00020345  0.         -0.00056342\n",
      "  -0.00135948 -0.00221601 -0.00296155 -0.00346602 -0.00366511 -0.00356368\n",
      "  -0.00322098]\n",
      " [-0.00283356 -0.00326862 -0.00356368 -0.00366813 -0.0035652  -0.00328332\n",
      "  -0.00289548 -0.00250435 -0.00221601 -0.00211006 -0.00221601 -0.00250435\n",
      "  -0.00289548 -0.00328332 -0.0035652  -0.00366813 -0.00356368 -0.00326862\n",
      "  -0.00283356]\n",
      " [-0.00237775 -0.00283356 -0.00322098 -0.00349856 -0.00364374 -0.00366125\n",
      "  -0.00358421 -0.00346602 -0.00336488 -0.00332558 -0.00336488 -0.00346602\n",
      "  -0.00358421 -0.00366125 -0.00364374 -0.00349856 -0.00322098 -0.00283356\n",
      "  -0.00237775]]\n",
      "[[-1.81938063e-03 -1.86872618e-03 -1.82864255e-03 -1.69952526e-03\n",
      "  -1.49604471e-03 -1.24650055e-03 -9.89117862e-04 -7.65734529e-04\n",
      "  -6.14087818e-04 -5.60408688e-04 -6.14087818e-04 -7.65734529e-04\n",
      "  -9.89117862e-04 -1.24650055e-03 -1.49604471e-03 -1.69952526e-03\n",
      "  -1.82864255e-03 -1.86872618e-03 -1.81938063e-03]\n",
      " [-1.86872618e-03 -1.81531748e-03 -1.63691616e-03 -1.33910581e-03\n",
      "  -9.47231929e-04 -5.05107951e-04 -6.95852661e-05  2.98357269e-04\n",
      "   5.44340032e-04  6.30803493e-04  5.44340032e-04  2.98357269e-04\n",
      "  -6.95852661e-05 -5.05107951e-04 -9.47231929e-04 -1.33910581e-03\n",
      "  -1.63691616e-03 -1.81531748e-03 -1.86872618e-03]\n",
      " [-1.82864255e-03 -1.63691616e-03 -1.27848002e-03 -7.65734529e-04\n",
      "  -1.37250969e-04  5.44340032e-04  1.19984002e-03  1.74545336e-03\n",
      "   2.10704074e-03  2.23362343e-03  2.10704074e-03  1.74545336e-03\n",
      "   1.19984002e-03  5.44340032e-04 -1.37250969e-04 -7.65734529e-04\n",
      "  -1.27848002e-03 -1.63691616e-03 -1.82864255e-03]\n",
      " [-1.69952526e-03 -1.33910581e-03 -7.65734529e-04  0.00000000e+00\n",
      "   9.04258066e-04  1.86301569e-03  2.77187317e-03  3.52142877e-03\n",
      "   4.01543479e-03  4.18792506e-03  4.01543479e-03  3.52142877e-03\n",
      "   2.77187317e-03  1.86301569e-03  9.04258066e-04  0.00000000e+00\n",
      "  -7.65734529e-04 -1.33910581e-03 -1.69952526e-03]\n",
      " [-1.49604471e-03 -9.47231929e-04 -1.37250969e-04  9.04258066e-04\n",
      "   2.10704074e-03  3.36433130e-03  4.54510304e-03  5.51299922e-03\n",
      "   6.14855286e-03  6.37007880e-03  6.14855286e-03  5.51299922e-03\n",
      "   4.54510304e-03  3.36433130e-03  2.10704074e-03  9.04258066e-04\n",
      "  -1.37250969e-04 -9.47231929e-04 -1.49604471e-03]\n",
      " [-1.24650055e-03 -5.05107951e-04  5.44340032e-04  1.86301569e-03\n",
      "   3.36433130e-03  4.91907975e-03  6.37007880e-03  7.55456791e-03\n",
      "   8.33037551e-03  8.60046206e-03  8.33037551e-03  7.55456791e-03\n",
      "   6.37007880e-03  4.91907975e-03  3.36433130e-03  1.86301569e-03\n",
      "   5.44340032e-04 -5.05107951e-04 -1.24650055e-03]\n",
      " [-9.89117862e-04 -6.95852661e-05  1.19984002e-03  2.77187317e-03\n",
      "   4.54510304e-03  6.37007880e-03  8.06610333e-03  9.44672716e-03\n",
      "   1.03494353e-02  1.06634413e-02  1.03494353e-02  9.44672716e-03\n",
      "   8.06610333e-03  6.37007880e-03  4.54510304e-03  2.77187317e-03\n",
      "   1.19984002e-03 -6.95852661e-05 -9.89117862e-04]\n",
      " [-7.65734529e-04  2.98357269e-04  1.74545336e-03  3.52142877e-03\n",
      "   5.51299922e-03  7.55456791e-03  9.44672716e-03  1.09842061e-02\n",
      "   1.19883415e-02  1.23374408e-02  1.19883415e-02  1.09842061e-02\n",
      "   9.44672716e-03  7.55456791e-03  5.51299922e-03  3.52142877e-03\n",
      "   1.74545336e-03  2.98357269e-04 -7.65734529e-04]\n",
      " [-6.14087818e-04  5.44340032e-04  2.10704074e-03  4.01543479e-03\n",
      "   6.14855286e-03  8.33037551e-03  1.03494353e-02  1.19883415e-02\n",
      "   1.30580386e-02  1.34298179e-02  1.30580386e-02  1.19883415e-02\n",
      "   1.03494353e-02  8.33037551e-03  6.14855286e-03  4.01543479e-03\n",
      "   2.10704074e-03  5.44340032e-04 -6.14087818e-04]\n",
      " [-5.60408688e-04  6.30803493e-04  2.23362343e-03  4.18792506e-03\n",
      "   6.37007880e-03  8.60046206e-03  1.06634413e-02  1.23374408e-02\n",
      "   1.34298179e-02  1.38094423e-02  1.34298179e-02  1.23374408e-02\n",
      "   1.06634413e-02  8.60046206e-03  6.37007880e-03  4.18792506e-03\n",
      "   2.23362343e-03  6.30803493e-04 -5.60408688e-04]\n",
      " [-6.14087818e-04  5.44340032e-04  2.10704074e-03  4.01543479e-03\n",
      "   6.14855286e-03  8.33037551e-03  1.03494353e-02  1.19883415e-02\n",
      "   1.30580386e-02  1.34298179e-02  1.30580386e-02  1.19883415e-02\n",
      "   1.03494353e-02  8.33037551e-03  6.14855286e-03  4.01543479e-03\n",
      "   2.10704074e-03  5.44340032e-04 -6.14087818e-04]\n",
      " [-7.65734529e-04  2.98357269e-04  1.74545336e-03  3.52142877e-03\n",
      "   5.51299922e-03  7.55456791e-03  9.44672716e-03  1.09842061e-02\n",
      "   1.19883415e-02  1.23374408e-02  1.19883415e-02  1.09842061e-02\n",
      "   9.44672716e-03  7.55456791e-03  5.51299922e-03  3.52142877e-03\n",
      "   1.74545336e-03  2.98357269e-04 -7.65734529e-04]\n",
      " [-9.89117862e-04 -6.95852661e-05  1.19984002e-03  2.77187317e-03\n",
      "   4.54510304e-03  6.37007880e-03  8.06610333e-03  9.44672716e-03\n",
      "   1.03494353e-02  1.06634413e-02  1.03494353e-02  9.44672716e-03\n",
      "   8.06610333e-03  6.37007880e-03  4.54510304e-03  2.77187317e-03\n",
      "   1.19984002e-03 -6.95852661e-05 -9.89117862e-04]\n",
      " [-1.24650055e-03 -5.05107951e-04  5.44340032e-04  1.86301569e-03\n",
      "   3.36433130e-03  4.91907975e-03  6.37007880e-03  7.55456791e-03\n",
      "   8.33037551e-03  8.60046206e-03  8.33037551e-03  7.55456791e-03\n",
      "   6.37007880e-03  4.91907975e-03  3.36433130e-03  1.86301569e-03\n",
      "   5.44340032e-04 -5.05107951e-04 -1.24650055e-03]\n",
      " [-1.49604471e-03 -9.47231929e-04 -1.37250969e-04  9.04258066e-04\n",
      "   2.10704074e-03  3.36433130e-03  4.54510304e-03  5.51299922e-03\n",
      "   6.14855286e-03  6.37007880e-03  6.14855286e-03  5.51299922e-03\n",
      "   4.54510304e-03  3.36433130e-03  2.10704074e-03  9.04258066e-04\n",
      "  -1.37250969e-04 -9.47231929e-04 -1.49604471e-03]\n",
      " [-1.69952526e-03 -1.33910581e-03 -7.65734529e-04  0.00000000e+00\n",
      "   9.04258066e-04  1.86301569e-03  2.77187317e-03  3.52142877e-03\n",
      "   4.01543479e-03  4.18792506e-03  4.01543479e-03  3.52142877e-03\n",
      "   2.77187317e-03  1.86301569e-03  9.04258066e-04  0.00000000e+00\n",
      "  -7.65734529e-04 -1.33910581e-03 -1.69952526e-03]\n",
      " [-1.82864255e-03 -1.63691616e-03 -1.27848002e-03 -7.65734529e-04\n",
      "  -1.37250969e-04  5.44340032e-04  1.19984002e-03  1.74545336e-03\n",
      "   2.10704074e-03  2.23362343e-03  2.10704074e-03  1.74545336e-03\n",
      "   1.19984002e-03  5.44340032e-04 -1.37250969e-04 -7.65734529e-04\n",
